2.5360000000e+00 9.6659649021e-01 1.4168756952e-02
2.9890000000e+00 1.3569146021e+00 2.3243338199e-02
3.3750000000e+00 1.7478805469e+00 3.3526725248e-02
3.7150000000e+00 2.1394921849e+00 4.4802390578e-02
4.0210000000e+00 2.5317473937e+00 5.6922508598e-02
4.3000000000e+00 2.9246440685e+00 6.9750384299e-02
4.5570000000e+00 3.3181801214e+00 8.3183954184e-02
4.7970000000e+00 3.7123534817e+00 9.7222574476e-02
5.0200000000e+00 4.1071620950e+00 1.1164315511e-01
5.2310000000e+00 4.5026039238e+00 1.2656974157e-01
5.4290000000e+00 4.8986769465e+00 1.4177388662e-01
5.6180000000e+00 5.2953791577e+00 1.5741035828e-01
5.7970000000e+00 5.6927085679e+00 1.7328144376e-01
5.9670000000e+00 6.0906632033e+00 1.8935063205e-01
6.1300000000e+00 6.4892411053e+00 2.0569834396e-01
6.2850000000e+00 6.8884403308e+00 2.2213728534e-01
6.4350000000e+00 7.2882589518e+00 2.3888878103e-01
6.5780000000e+00 7.6886950549e+00 2.5567148555e-01
6.7150000000e+00 8.0897467418e+00 2.7251577695e-01
6.8480000000e+00 8.4914121284e+00 2.8959260005e-01
6.9760000000e+00 8.8936893452e+00 3.0673133695e-01
7.0990000000e+00 9.2965765366e+00 3.2387345636e-01
7.2180000000e+00 9.7000718612e+00 3.4109564974e-01
7.3330000000e+00 1.0104173491e+01 3.5835293263e-01
7.4440000000e+00 1.0508879613e+01 3.7560036713e-01
7.5520000000e+00 1.0914188427e+01 3.9294101760e-01
7.6560000000e+00 1.1320098144e+01 4.1019083221e-01
7.7570000000e+00 1.1726606991e+01 4.2746150778e-01
7.8550000000e+00 1.2133713208e+01 4.4472115868e-01
7.9510000000e+00 1.2541415047e+01 4.6210187602e-01
8.0430000000e+00 1.2949710771e+01 4.7924826473e-01
8.1330000000e+00 1.3358598659e+01 4.9646043460e-01
8.2200000000e+00 1.3768077001e+01 5.1354338536e-01
8.3050000000e+00 1.4178144097e+01 5.3064510011e-01
8.3870000000e+00 1.4588798263e+01 5.4756357161e-01
8.4680000000e+00 1.5000037825e+01 5.6464035254e-01
8.5460000000e+00 1.5411861121e+01 5.8148787954e-01
8.6220000000e+00 1.5824266501e+01 5.9826929906e-01
8.6960000000e+00 1.6237252325e+01 6.1496557823e-01
8.7690000000e+00 1.6650816968e+01 6.3175715377e-01
8.8390000000e+00 1.7064958814e+01 6.4823002287e-01
8.9080000000e+00 1.7479676257e+01 6.6476745522e-01
8.9750000000e+00 1.7894967705e+01 6.8115182280e-01
9.0400000000e+00 1.8310831576e+01 6.9736505003e-01
9.1040000000e+00 1.8727266297e+01 7.1360415428e-01
9.1660000000e+00 1.9144270308e+01 7.2964269215e-01
9.2270000000e+00 1.9561842059e+01 7.4568394672e-01
9.2860000000e+00 1.9979980011e+01 7.6149587311e-01
9.3440000000e+00 2.0398682633e+01 7.7728786271e-01
9.4010000000e+00 2.0817948407e+01 7.9305156955e-01
9.4560000000e+00 2.1237775824e+01 8.0854691744e-01
9.5110000000e+00 2.1658163386e+01 8.2422652866e-01
9.5630000000e+00 2.2079109604e+01 8.3937902872e-01
9.6150000000e+00 2.2500612998e+01 8.5469971871e-01
9.6660000000e+00 2.2922672100e+01 8.6994623462e-01
9.7150000000e+00 2.3345285450e+01 8.8486608160e-01
9.7630000000e+00 2.3768451599e+01 8.9969124221e-01
9.8110000000e+00 2.4192169105e+01 9.1466361472e-01
9.8570000000e+00 2.4616436537e+01 9.2927915763e-01
9.9020000000e+00 2.5041252474e+01 9.4377757028e-01
9.9470000000e+00 2.5466615503e+01 9.5840800389e-01
9.9900000000e+00 2.5892524219e+01 9.7265267254e-01
1.0033000000e+01 2.6318977230e+01 9.8701954416e-01
1.0074000000e+01 2.6745973147e+01 1.0009820673e+00
1.0115000000e+01 2.7173510595e+01 1.0150572519e+00
1.0155000000e+01 2.7601588205e+01 1.0289773797e+00
1.0194000000e+01 2.8030204617e+01 1.0427357238e+00
1.0232000000e+01 2.8459358481e+01 1.0563256778e+00
1.0269000000e+01 2.8889048452e+01 1.0697407578e+00
1.0306000000e+01 2.9319273198e+01 1.0832498773e+00
1.0342000000e+01 2.9750031390e+01 1.0965753459e+00
1.0377000000e+01 3.0181321713e+01 1.1097109328e+00
1.0412000000e+01 3.0613142856e+01 1.1229314943e+00
1.0445000000e+01 3.1045493516e+01 1.1356709435e+00
1.0479000000e+01 3.1478372400e+01 1.1487716918e+00
1.0511000000e+01 3.1911778223e+01 1.1613795322e+00
1.0543000000e+01 3.2345709705e+01 1.1740596365e+00
1.0574000000e+01 3.2780165577e+01 1.1865217330e+00
1.0605000000e+01 3.3215144576e+01 1.1990517405e+00
1.0635000000e+01 3.3650645445e+01 1.2113560420e+00
1.0664000000e+01 3.4086666938e+01 1.2234292351e+00
1.0693000000e+01 3.4523207815e+01 1.2355623868e+00
1.0721000000e+01 3.4960266842e+01 1.2474571256e+00
1.0749000000e+01 3.5397842793e+01 1.2594077818e+00
1.0776000000e+01 3.5835934450e+01 1.2711129280e+00
1.0803000000e+01 3.6274540603e+01 1.2828700611e+00
1.0829000000e+01 3.6713660045e+01 1.2943747990e+00
1.0854000000e+01 3.7153291582e+01 1.3056223421e+00
1.0879000000e+01 3.7593434021e+01 1.3169147749e+00
1.0904000000e+01 3.8034086181e+01 1.3282516887e+00
1.0928000000e+01 3.8475246884e+01 1.3393231267e+00
1.0952000000e+01 3.8916914960e+01 1.3504354685e+00
1.0975000000e+01 3.9359089247e+01 1.3612761031e+00
1.0998000000e+01 3.9801768589e+01 1.3721541875e+00
1.1020000000e+01 4.0244951835e+01 1.3827545549e+00
1.1042000000e+01 4.0688637841e+01 1.3933890435e+00
1.1064000000e+01 4.1132825472e+01 1.4040572786e+00
1.1085000000e+01 4.1577513597e+01 1.4144403909e+00
1.1106000000e+01 4.2022701092e+01 1.4248540555e+00
1.1126000000e+01 4.2468386839e+01 1.4349770584e+00
1.1146000000e+01 4.2914569726e+01 1.4451275480e+00
1.1165000000e+01 4.3361248648e+01 1.4549820612e+00
1.1185000000e+01 4.3808422506e+01 1.4651853478e+00
1.1203000000e+01 4.4256090207e+01 1.4747644106e+00
1.1222000000e+01 4.4704250663e+01 1.4846915887e+00
1.1240000000e+01 4.5152902793e+01 1.4943148639e+00
1.1258000000e+01 4.5602045522e+01 1.5039592453e+00
1.1275000000e+01 4.6051677781e+01 1.5132949088e+00
1.1292000000e+01 4.6501798506e+01 1.5226490228e+00
1.1309000000e+01 4.6952406639e+01 1.5320212925e+00
1.1326000000e+01 4.7403501128e+01 1.5414114210e+00
1.1342000000e+01 4.7855080926e+01 1.5504856867e+00
1.1358000000e+01 4.8307144992e+01 1.5595753093e+00
1.1373000000e+01 4.8759692292e+01 1.5683447507e+00
1.1388000000e+01 4.9212721795e+01 1.5771271763e+00
1.1403000000e+01 4.9666232478e+01 1.5859223277e+00
1.1418000000e+01 5.0120223320e+01 1.5947299453e+00
1.1432000000e+01 5.0574693309e+01 1.6032110122e+00
1.1447000000e+01 5.1029641437e+01 1.6120419161e+00
1.1460000000e+01 5.1485066700e+01 1.6202036467e+00
1.1474000000e+01 5.1940968101e+01 1.6287147325e+00
1.1487000000e+01 5.2397344647e+01 1.6368933213e+00
1.1500000000e+01 5.2854195352e+01 1.6450796091e+00
1.1513000000e+01 5.3311519232e+01 1.6532733742e+00
1.1526000000e+01 5.3769315311e+01 1.6614743947e+00
1.1538000000e+01 5.4227582616e+01 1.6693373901e+00
1.1550000000e+01 5.4686320181e+01 1.6772057256e+00
1.1562000000e+01 5.5145527043e+01 1.6850791991e+00
1.1574000000e+01 5.5605202246e+01 1.6929576083e+00
1.1585000000e+01 5.6065344836e+01 1.7004928754e+00
1.1596000000e+01 5.6525953866e+01 1.7080313117e+00
1.1607000000e+01 5.6987028393e+01 1.7155727349e+00
1.1618000000e+01 5.7448567480e+01 1.7231169623e+00
1.1629000000e+01 5.7910570192e+01 1.7306638111e+00
1.1639000000e+01 5.8373035602e+01 1.7378619806e+00
1.1649000000e+01 5.8835962785e+01 1.7450611643e+00
1.1659000000e+01 5.9299350822e+01 1.7522611993e+00
1.1669000000e+01 5.9763198798e+01 1.7594619230e+00
1.1678000000e+01 6.0227505803e+01 1.7663096853e+00
1.1688000000e+01 6.0692270931e+01 1.7735107160e+00
1.1697000000e+01 6.1157493280e+01 1.7803573333e+00
1.1706000000e+01 6.1623171954e+01 1.7872028811e+00
1.1715000000e+01 6.2089306059e+01 1.7940472166e+00
1.1723000000e+01 6.2555894709e+01 1.8005339836e+00
1.1732000000e+01 6.3022937018e+01 1.8073749399e+00
1.1740000000e+01 6.3490432107e+01 1.8138570259e+00
1.1748000000e+01 6.3958379102e+01 1.8203363313e+00
1.1756000000e+01 6.4426777130e+01 1.8268127325e+00
1.1764000000e+01 6.4895625325e+01 1.8332861065e+00
1.1771000000e+01 6.5364922824e+01 1.8393971891e+00
1.1779000000e+01 6.5834668768e+01 1.8458636732e+00
1.1786000000e+01 6.6304862303e+01 1.8519667213e+00
1.1793000000e+01 6.6775502578e+01 1.8580653702e+00
1.1800000000e+01 6.7246588747e+01 1.8641595157e+00
1.1807000000e+01 6.7718119967e+01 1.8702490540e+00
1.1814000000e+01 6.8190095399e+01 1.8763338818e+00
1.1820000000e+01 6.8662514210e+01 1.8820517614e+00
1.1827000000e+01 6.9135375568e+01 1.8881264544e+00
1.1833000000e+01 6.9608678646e+01 1.8938332166e+00
1.1839000000e+01 7.0082422622e+01 1.8995340971e+00
1.1845000000e+01 7.0556606676e+01 1.9052290109e+00
1.1851000000e+01 7.1031229994e+01 1.9109178735e+00
1.1857000000e+01 7.1506291763e+01 1.9166006004e+00
1.1862000000e+01 7.1981791176e+01 1.9219123982e+00
1.1868000000e+01 7.2457727428e+01 1.9275822563e+00
1.1873000000e+01 7.2934099720e+01 1.9328803559e+00
1.1878000000e+01 7.3410907254e+01 1.9381713393e+00
1.1883000000e+01 7.3888149237e+01 1.9434551401e+00
1.1888000000e+01 7.4365824880e+01 1.9487316916e+00
1.1893000000e+01 7.4843933396e+01 1.9540009280e+00
1.1898000000e+01 7.5322474004e+01 1.9592627837e+00
1.1903000000e+01 7.5801445924e+01 1.9645171935e+00
1.1907000000e+01 7.6280848381e+01 1.9693966202e+00
1.1911000000e+01 7.6760680603e+01 1.9742679254e+00
1.1916000000e+01 7.7240941821e+01 1.9794990561e+00
1.1920000000e+01 7.7721631272e+01 1.9843542254e+00
1.1924000000e+01 7.8202748192e+01 1.9892011210e+00
1.1928000000e+01 7.8684291823e+01 1.9940396947e+00
1.1932000000e+01 7.9166261412e+01 1.9988698983e+00
1.1936000000e+01 7.9648656205e+01 2.0036916841e+00
1.1939000000e+01 8.0131475456e+01 2.0081355476e+00
1.1943000000e+01 8.0614718418e+01 2.0129401290e+00
1.1946000000e+01 8.1098384350e+01 2.0173662650e+00
1.1950000000e+01 8.1582472514e+01 2.0221534741e+00
1.1953000000e+01 8.2066982175e+01 2.0265617336e+00
1.1956000000e+01 8.2551912600e+01 2.0309609030e+00
1.1959000000e+01 8.3037263060e+01 2.0353509504e+00
1.1962000000e+01 8.3523032829e+01 2.0397318441e+00
1.1965000000e+01 8.4009221186e+01 2.0441035530e+00
1.1968000000e+01 8.4495827410e+01 2.0484660463e+00
1.1971000000e+01 8.4982850786e+01 2.0528192935e+00
1.1973000000e+01 8.5470290598e+01 2.0567916996e+00
1.1976000000e+01 8.5958146138e+01 2.0611261994e+00
1.1978000000e+01 8.6446416698e+01 2.0650794909e+00
1.1981000000e+01 8.6935101574e+01 2.0693951418e+00
1.1983000000e+01 8.7424200064e+01 2.0733292344e+00
1.1985000000e+01 8.7913711470e+01 2.0772536288e+00
1.1987000000e+01 8.8403635096e+01 2.0811683088e+00
1.1990000000e+01 8.8893970250e+01 2.0854458272e+00
1.1992000000e+01 8.9384716243e+01 2.0893411550e+00
1.1993000000e+01 8.9875872387e+01 2.0928539034e+00
1.1995000000e+01 9.0367437999e+01 2.0967295683e+00
1.1997000000e+01 9.0859412398e+01 2.1005954417e+00
1.1999000000e+01 9.1351794905e+01 2.1044515089e+00
1.2000000000e+01 9.1844584845e+01 2.1079245076e+00
1.2002000000e+01 9.2337781546e+01 2.1117608177e+00
1.2003000000e+01 9.2831384337e+01 2.1152138455e+00
1.2005000000e+01 9.3325392552e+01 2.1190303581e+00
1.2006000000e+01 9.3819805526e+01 2.1224633897e+00
1.2008000000e+01 9.4314622598e+01 2.1262600668e+00
1.2009000000e+01 9.4809843108e+01 2.1296730789e+00
1.2010000000e+01 9.5305466401e+01 2.1330760379e+00
1.2011000000e+01 9.5801491822e+01 2.1364689420e+00
1.2012000000e+01 9.6297918721e+01 2.1398517897e+00
1.2013000000e+01 9.6794746450e+01 2.1432245798e+00
1.2014000000e+01 9.7291974362e+01 2.1465873110e+00
1.2015000000e+01 9.7789601815e+01 2.1499399828e+00
1.2016000000e+01 9.8287628168e+01 2.1532825944e+00
1.2016000000e+01 9.8786052783e+01 2.1562409030e+00
1.2017000000e+01 9.9284875025e+01 2.1595633480e+00
1.2018000000e+01 9.9784094261e+01 2.1628757357e+00
1.2018000000e+01 1.0028370986e+02 2.1658037060e+00
1.2019000000e+01 1.0078372119e+02 2.1690959439e+00
1.2019000000e+01 1.0128412764e+02 2.1720037080e+00
1.2020000000e+01 1.0178492857e+02 2.1752758112e+00
1.2020000000e+01 1.0228612337e+02 2.1781633968e+00
1.2020000000e+01 1.0278771141e+02 2.1810408960e+00
1.2021000000e+01 1.0328969209e+02 2.1842828184e+00
1.2021000000e+01 1.0379206479e+02 2.1871401861e+00
1.2021000000e+01 1.0429482890e+02 2.1899874958e+00
1.2021000000e+01 1.0479798381e+02 2.1928247582e+00
1.2021000000e+01 1.0530152891e+02 2.1956519842e+00
1.2021000000e+01 1.0580546360e+02 2.1984691848e+00
1.2021000000e+01 1.0630978728e+02 2.2012763711e+00
1.2021000000e+01 1.0681449935e+02 2.2040735546e+00
1.2021000000e+01 1.0731959921e+02 2.2068607468e+00
1.2021000000e+01 1.0782508627e+02 2.2096379592e+00
1.2020000000e+01 1.0833095994e+02 2.2120307163e+00
1.2020000000e+01 1.0883721963e+02 2.2147880203e+00
1.2020000000e+01 1.0934386474e+02 2.2175353830e+00
1.2019000000e+01 1.0985089469e+02 2.2198983894e+00
1.2019000000e+01 1.1035830891e+02 2.2226259293e+00
1.2018000000e+01 1.1086610680e+02 2.2249691944e+00
1.2018000000e+01 1.1137428779e+02 2.2276769712e+00
1.2017000000e+01 1.1188285130e+02 2.2300005648e+00
1.2017000000e+01 1.1239179677e+02 2.2326886396e+00
1.2016000000e+01 1.1290112360e+02 2.2349926323e+00
1.2016000000e+01 1.1341083125e+02 2.2376610668e+00
1.2015000000e+01 1.1392091913e+02 2.2399455301e+00
1.2014000000e+01 1.1443138668e+02 2.2422202790e+00
1.2013000000e+01 1.1494223334e+02 2.2444853339e+00
1.2013000000e+01 1.1545345854e+02 2.2471147237e+00
1.2012000000e+01 1.1596506173e+02 2.2493603988e+00
1.2011000000e+01 1.1647704235e+02 2.2515964392e+00
1.2010000000e+01 1.1698939984e+02 2.2538228656e+00
1.2009000000e+01 1.1750213365e+02 2.2560396987e+00
1.2008000000e+01 1.1801524323e+02 2.2582469591e+00
1.2007000000e+01 1.1852872802e+02 2.2604446678e+00
1.2006000000e+01 1.1904258748e+02 2.2626328457e+00
1.2005000000e+01 1.1955682107e+02 2.2648115138e+00
1.2004000000e+01 1.2007142824e+02 2.2669806930e+00
1.2003000000e+01 1.2058640845e+02 2.2691404046e+00
1.2001000000e+01 1.2110176115e+02 2.2709173549e+00
1.2000000000e+01 1.2161748582e+02 2.2730582696e+00
1.1999000000e+01 1.2213358192e+02 2.2751897823e+00
1.1998000000e+01 1.2265004890e+02 2.2773119144e+00
1.1996000000e+01 1.2316688625e+02 2.2790516859e+00
1.1995000000e+01 1.2368409343e+02 2.2811552033e+00
1.1994000000e+01 1.2420166991e+02 2.2832494064e+00
1.1992000000e+01 1.2471961516e+02 2.2849615700e+00
1.1991000000e+01 1.2523792867e+02 2.2870372969e+00
1.1989000000e+01 1.2575660990e+02 2.2887312086e+00
1.1988000000e+01 1.2627565835e+02 2.2907885533e+00
1.1986000000e+01 1.2679507348e+02 2.2924643140e+00
1.1985000000e+01 1.2731485478e+02 2.2945033707e+00
1.1983000000e+01 1.2783500175e+02 2.2961610813e+00
1.1982000000e+01 1.2835551385e+02 2.2981819445e+00
1.1980000000e+01 1.2887639059e+02 2.2998217061e+00
1.1979000000e+01 1.2939763145e+02 2.3018244705e+00
1.1977000000e+01 1.2991923593e+02 2.3034463844e+00
1.1975000000e+01 1.3044120351e+02 2.3050594653e+00
1.1973000000e+01 1.3096353369e+02 2.3066637398e+00
1.1972000000e+01 1.3148622598e+02 2.3086306996e+00
1.1970000000e+01 1.3200927987e+02 2.3102173323e+00
1.1968000000e+01 1.3253269486e+02 2.3117952379e+00
1.1966000000e+01 1.3305647045e+02 2.3133644431e+00
1.1965000000e+01 1.3358060614e+02 2.3152959923e+00
1.1963000000e+01 1.3410510146e+02 2.3168477619e+00
1.1961000000e+01 1.3462995589e+02 2.3183909102e+00
1.1959000000e+01 1.3515516895e+02 2.3199254641e+00
1.1957000000e+01 1.3568074015e+02 2.3214514503e+00
1.1955000000e+01 1.3620666901e+02 2.3229688956e+00
1.1953000000e+01 1.3673295503e+02 2.3244778268e+00
1.1951000000e+01 1.3725959773e+02 2.3259782707e+00
1.1949000000e+01 1.3778659664e+02 2.3274702540e+00
1.1947000000e+01 1.3831395127e+02 2.3289538035e+00
1.1945000000e+01 1.3884166114e+02 2.3304289459e+00
1.1943000000e+01 1.3936972577e+02 2.3318957078e+00
1.1941000000e+01 1.3989814468e+02 2.3333541160e+00
1.1939000000e+01 1.4042691742e+02 2.3348041972e+00
1.1937000000e+01 1.4095604349e+02 2.3362459780e+00
1.1934000000e+01 1.4148552242e+02 2.3373103360e+00
1.1932000000e+01 1.4201535376e+02 2.3387357305e+00
1.1930000000e+01 1.4254553703e+02 2.3401529057e+00
1.1928000000e+01 1.4307607176e+02 2.3415618882e+00
1.1926000000e+01 1.4360695749e+02 2.3429627044e+00
1.1923000000e+01 1.4413819376e+02 2.3439869145e+00
1.1921000000e+01 1.4466978010e+02 2.3453716182e+00
1.1919000000e+01 1.4520171606e+02 2.3467482364e+00
1.1916000000e+01 1.4573400116e+02 2.3477487510e+00
1.1914000000e+01 1.4626663497e+02 2.3491094211e+00
1.1912000000e+01 1.4679961701e+02 2.3504620860e+00
1.1909000000e+01 1.4733294684e+02 2.3514391589e+00
1.1907000000e+01 1.4786662401e+02 2.3527760394e+00
1.1905000000e+01 1.4840064805e+02 2.3541049949e+00
1.1902000000e+01 1.4893501853e+02 2.3550588789e+00
1.1900000000e+01 1.4946973499e+02 2.3563722129e+00
1.1898000000e+01 1.5000479699e+02 2.3576777017e+00
1.1895000000e+01 1.5054020407e+02 2.3586086482e+00
1.1893000000e+01 1.5107595581e+02 2.3598986779e+00
1.1890000000e+01 1.5161205174e+02 2.3608145219e+00
1.1888000000e+01 1.5214849144e+02 2.3620892010e+00
1.1885000000e+01 1.5268527446e+02 2.3629900544e+00
1.1883000000e+01 1.5322240036e+02 2.3642494910e+00
1.1880000000e+01 1.5375986870e+02 2.3651354652e+00
1.1878000000e+01 1.5429767906e+02 2.3663797669e+00
1.1875000000e+01 1.5483583099e+02 2.3672509730e+00
1.1872000000e+01 1.5537432407e+02 2.3681149146e+00
1.1870000000e+01 1.5591315785e+02 2.3693367959e+00
1.1867000000e+01 1.5645233192e+02 2.3701861358e+00
1.1865000000e+01 1.5699184584e+02 2.3713931509e+00
1.1862000000e+01 1.5753169918e+02 2.3722279991e+00
1.1859000000e+01 1.5807189152e+02 2.3730557224e+00
1.1857000000e+01 1.5861242243e+02 2.3742407201e+00
1.1854000000e+01 1.5915329149e+02 2.3750541164e+00
1.1852000000e+01 1.5969449828e+02 2.3762245138e+00
1.1849000000e+01 1.6023604237e+02 2.3770236918e+00
1.1846000000e+01 1.6077792335e+02 2.3778158829e+00
1.1843000000e+01 1.6132014080e+02 2.3786011148e+00
1.1841000000e+01 1.6186269429e+02 2.3797427977e+00
1.1838000000e+01 1.6240558343e+02 2.3805140286e+00
1.1835000000e+01 1.6294880778e+02 2.3812783823e+00
1.1833000000e+01 1.6349236694e+02 2.3823987646e+00
1.1830000000e+01 1.6403626049e+02 2.3831492787e+00
1.1827000000e+01 1.6458048803e+02 2.3838929969e+00
1.1824000000e+01 1.6512504915e+02 2.3846299465e+00
1.1821000000e+01 1.6566994343e+02 2.3853601544e+00
1.1819000000e+01 1.6621517047e+02 2.3864456768e+00
1.1816000000e+01 1.6676072986e+02 2.3871623122e+00
1.1813000000e+01 1.6730662121e+02 2.3878722864e+00
1.1810000000e+01 1.6785284410e+02 2.3885756261e+00
1.1807000000e+01 1.6839939814e+02 2.3892723582e+00
1.1805000000e+01 1.6894628292e+02 2.3903236729e+00
1.1802000000e+01 1.6949349805e+02 2.3910070961e+00
1.1799000000e+01 1.7004104312e+02 2.3916839909e+00
1.1796000000e+01 1.7058891774e+02 2.3923543836e+00
1.1793000000e+01 1.7113712151e+02 2.3930183008e+00
1.1790000000e+01 1.7168565404e+02 2.3936757686e+00
1.1787000000e+01 1.7223451494e+02 2.3943268133e+00
1.1784000000e+01 1.7278370380e+02 2.3949714611e+00
1.1781000000e+01 1.7333322025e+02 2.3956097379e+00
1.1779000000e+01 1.7388306389e+02 2.3966012463e+00
1.1776000000e+01 1.7443323433e+02 2.3972266812e+00
1.1773000000e+01 1.7498373118e+02 2.3978458225e+00
1.1770000000e+01 1.7553455406e+02 2.3984586959e+00
1.1767000000e+01 1.7608570259e+02 2.3990653273e+00
1.1764000000e+01 1.7663717637e+02 2.3996657421e+00
1.1761000000e+01 1.7718897502e+02 2.4002599659e+00
1.1758000000e+01 1.7774109817e+02 2.4008480243e+00
1.1755000000e+01 1.7829354543e+02 2.4014299425e+00
1.1752000000e+01 1.7884631642e+02 2.4020057459e+00
1.1749000000e+01 1.7939941076e+02 2.4025754598e+00
1.1746000000e+01 1.7995282808e+02 2.4031391092e+00
1.1743000000e+01 1.8050656799e+02 2.4036967194e+00
1.1740000000e+01 1.8106063013e+02 2.4042483152e+00
1.1737000000e+01 1.8161501412e+02 2.4047939216e+00
1.1734000000e+01 1.8216971958e+02 2.4053335634e+00
1.1731000000e+01 1.8272474615e+02 2.4058672655e+00
1.1728000000e+01 1.8328009344e+02 2.4063950525e+00
1.1725000000e+01 1.8383576110e+02 2.4069169491e+00
1.1722000000e+01 1.8439174876e+02 2.4074329797e+00
1.1719000000e+01 1.8494805603e+02 2.4079431689e+00
1.1716000000e+01 1.8550468257e+02 2.4084475410e+00
1.1713000000e+01 1.8606162800e+02 2.4089461203e+00
1.1709000000e+01 1.8661889195e+02 2.4090835621e+00
1.1706000000e+01 1.8717647407e+02 2.4095708162e+00
1.1703000000e+01 1.8773437399e+02 2.4100523502e+00
1.1700000000e+01 1.8829259135e+02 2.4105281883e+00
1.1697000000e+01 1.8885112579e+02 2.4109983543e+00
1.1694000000e+01 1.8940997695e+02 2.4114628722e+00
1.1691000000e+01 1.8996914447e+02 2.4119217655e+00
1.1688000000e+01 1.9052862800e+02 2.4123750581e+00
1.1685000000e+01 1.9108842717e+02 2.4128227735e+00
1.1682000000e+01 1.9164854163e+02 2.4132649353e+00
1.1678000000e+01 1.9220897103e+02 2.4133480780e+00
1.1675000000e+01 1.9276971501e+02 2.4137793935e+00
1.1672000000e+01 1.9333077322e+02 2.4142052257e+00
1.1669000000e+01 1.9389214531e+02 2.4146255979e+00
1.1666000000e+01 1.9445383092e+02 2.4150405332e+00
1.1663000000e+01 1.9501582972e+02 2.4154500547e+00
1.1660000000e+01 1.9557814135e+02 2.4158541853e+00
1.1656000000e+01 1.9614076546e+02 2.4159007887e+00
1.1653000000e+01 1.9670370170e+02 2.4162943987e+00
1.1650000000e+01 1.9726694973e+02 2.4166826867e+00
1.1647000000e+01 1.9783050921e+02 2.4170656753e+00
1.1644000000e+01 1.9839437979e+02 2.4174433870e+00
1.1641000000e+01 1.9895856113e+02 2.4178158443e+00
1.1637000000e+01 1.9952305289e+02 2.4178320575e+00
1.1634000000e+01 2.0008785472e+02 2.4181942673e+00
1.1631000000e+01 2.0065296628e+02 2.4185512900e+00
1.1628000000e+01 2.0121838724e+02 2.4189031480e+00
1.1625000000e+01 2.0178411726e+02 2.4192498632e+00
1.1622000000e+01 2.0235015600e+02 2.4195914578e+00
1.1618000000e+01 2.0291650312e+02 2.4195780958e+00
1.1615000000e+01 2.0348315830e+02 2.4199097100e+00
1.1612000000e+01 2.0405012118e+02 2.4202362695e+00
1.1609000000e+01 2.0461739145e+02 2.4205577959e+00
1.1606000000e+01 2.0518496876e+02 2.4208743110e+00
1.1602000000e+01 2.0575285279e+02 2.4208369431e+00
1.1599000000e+01 2.0632104321e+02 2.4211436961e+00
1.1596000000e+01 2.0688953968e+02 2.4214455024e+00
1.1593000000e+01 2.0745834187e+02 2.4217423835e+00
1.1589000000e+01 2.0802744946e+02 2.4216862394e+00
1.1586000000e+01 2.0859686212e+02 2.4219735301e+00
1.1583000000e+01 2.0916657953e+02 2.4222559594e+00
1.1580000000e+01 2.0973660135e+02 2.4225335482e+00
1.1577000000e+01 2.1030692727e+02 2.4228063175e+00
1.1573000000e+01 2.1087755695e+02 2.4227271381e+00
1.1570000000e+01 2.1144849008e+02 2.4229905282e+00
1.1567000000e+01 2.1201972634e+02 2.4232491615e+00
1.1564000000e+01 2.1259126539e+02 2.4235030587e+00
1.1560000000e+01 2.1316310693e+02 2.4234058662e+00
1.1557000000e+01 2.1373525063e+02 2.4236505502e+00
1.1554000000e+01 2.1430769617e+02 2.4238905598e+00
1.1551000000e+01 2.1488044324e+02 2.4241259153e+00
1.1547000000e+01 2.1545349152e+02 2.4240110405e+00
1.1544000000e+01 2.1602684069e+02 2.4242373465e+00
1.1541000000e+01 2.1660049043e+02 2.4244590592e+00
1.1538000000e+01 2.1717444044e+02 2.4246761987e+00
1.1534000000e+01 2.1774869039e+02 2.4245439672e+00
1.1531000000e+01 2.1832323998e+02 2.4247522183e+00
1.1528000000e+01 2.1889808889e+02 2.4249559560e+00
1.1525000000e+01 2.1947323682e+02 2.4251552001e+00
1.1521000000e+01 2.2004868344e+02 2.4250059323e+00
1.1518000000e+01 2.2062442845e+02 2.4251964467e+00
1.1515000000e+01 2.2120047155e+02 2.4253825265e+00
1.1512000000e+01 2.2177681242e+02 2.4255641911e+00
1.1508000000e+01 2.2235345076e+02 2.4253982025e+00
1.1505000000e+01 2.2293038625e+02 2.4255712937e+00
1.1502000000e+01 2.2350761860e+02 2.4257400277e+00
1.1498000000e+01 2.2408514750e+02 2.4255617486e+00
1.1495000000e+01 2.2466297265e+02 2.4257220247e+00
1.1492000000e+01 2.2524109373e+02 2.4258780012e+00
1.1489000000e+01 2.2581951046e+02 2.4260296970e+00
1.1485000000e+01 2.2639822252e+02 2.4258352368e+00
1.1482000000e+01 2.2697722961e+02 2.4259786267e+00
1.1479000000e+01 2.2755653144e+02 2.4261177924e+00
1.1476000000e+01 2.2813612771e+02 2.4262527526e+00
1.1472000000e+01 2.2871601811e+02 2.4260424131e+00
1.1469000000e+01 2.2929620236e+02 2.4261692170e+00
1.1466000000e+01 2.2987668014e+02 2.4262918710e+00
1.1462000000e+01 2.3045745117e+02 2.4260698631e+00
1.1459000000e+01 2.3103851514e+02 2.4261844715e+00
1.1456000000e+01 2.3161987178e+02 2.4262949850e+00
1.1453000000e+01 2.3220152077e+02 2.4264014218e+00
1.1449000000e+01 2.3278346182e+02 2.4261640508e+00
1.1446000000e+01 2.3336569465e+02 2.4262625875e+00
1.1443000000e+01 2.3394821896e+02 2.4263571017e+00
1.1439000000e+01 2.3453103446e+02 2.4261084437e+00
1.1436000000e+01 2.3511414086e+02 2.4261951653e+00
1.1433000000e+01 2.3569753787e+02 2.4262779179e+00
1.1430000000e+01 2.3628122519e+02 2.4263567191e+00
1.1426000000e+01 2.3686520255e+02 2.4260931994e+00
1.1423000000e+01 2.3744946965e+02 2.4261643495e+00
1.1420000000e+01 2.3803402621e+02 2.4262316009e+00
1.1416000000e+01 2.3861887193e+02 2.4259571649e+00
1.1413000000e+01 2.3920400655e+02 2.4260168698e+00
1.1410000000e+01 2.3978942976e+02 2.4260727280e+00
1.1407000000e+01 2.4037514128e+02 2.4261247567e+00
1.1403000000e+01 2.4096114084e+02 2.4258359460e+00
1.1400000000e+01 2.4154742814e+02 2.4258805657e+00
1.1397000000e+01 2.4213400291e+02 2.4259214072e+00
1.1393000000e+01 2.4272086487e+02 2.4256220399e+00
1.1390000000e+01 2.4330801373e+02 2.4256555740e+00
1.1387000000e+01 2.4389544921e+02 2.4256853804e+00
1.1384000000e+01 2.4448317104e+02 2.4257114758e+00
1.1380000000e+01 2.4507117893e+02 2.4253982067e+00
1.1377000000e+01 2.4565947262e+02 2.4254171284e+00
1.1374000000e+01 2.4624805181e+02 2.4254323889e+00
1.1370000000e+01 2.4683691623e+02 2.4251089125e+00
1.1367000000e+01 2.4742606562e+02 2.4251170979e+00
1.1364000000e+01 2.4801549968e+02 2.4251216714e+00
1.1361000000e+01 2.4860521815e+02 2.4251226491e+00
1.1357000000e+01 2.4919522076e+02 2.4247857300e+00
1.1354000000e+01 2.4978550722e+02 2.4247797625e+00
1.1351000000e+01 2.5037607728e+02 2.4247702477e+00
1.1348000000e+01 2.5096693064e+02 2.4247572014e+00
1.1344000000e+01 2.5155806705e+02 2.4244070961e+00
1.1341000000e+01 2.5214948624e+02 2.4243872323e+00
1.1338000000e+01 2.5274118793e+02 2.4243638847e+00
1.1334000000e+01 2.5333317184e+02 2.4240041003e+00
1.1331000000e+01 2.5392543773e+02 2.4239740295e+00
1.1328000000e+01 2.5451798531e+02 2.4239405219e+00
1.1325000000e+01 2.5511081432e+02 2.4239035932e+00
1.1321000000e+01 2.5570392449e+02 2.4235310605e+00
1.1318000000e+01 2.5629731555e+02 2.4234875325e+00
1.1315000000e+01 2.5689098725e+02 2.4234406295e+00
1.1312000000e+01 2.5748493931e+02 2.4233903670e+00
1.1308000000e+01 2.5807917147e+02 2.4230053304e+00
1.1305000000e+01 2.5867368346e+02 2.4229485905e+00
1.1302000000e+01 2.5926847503e+02 2.4228885365e+00
1.1298000000e+01 2.5986354591e+02 2.4224943247e+00
1.1295000000e+01 2.6045889584e+02 2.4224278833e+00
1.1292000000e+01 2.6105452456e+02 2.4223581727e+00
1.1289000000e+01 2.6165043180e+02 2.4222852078e+00
1.1285000000e+01 2.6224661731e+02 2.4218789098e+00
1.1282000000e+01 2.6284308082e+02 2.4217996759e+00
1.1279000000e+01 2.6343982208e+02 2.4217172319e+00
1.1276000000e+01 2.6403684084e+02 2.4216315923e+00
1.1272000000e+01 2.6463413682e+02 2.4212134413e+00
1.1269000000e+01 2.6523170978e+02 2.4211216492e+00
1.1266000000e+01 2.6582955946e+02 2.4210267049e+00
1.1263000000e+01 2.6642768560e+02 2.4209286230e+00
1.1259000000e+01 2.6702608794e+02 2.4204988481e+00
1.1256000000e+01 2.6762476624e+02 2.4203947280e+00
1.1253000000e+01 2.6822372024e+02 2.4202875130e+00
1.1250000000e+01 2.6882294968e+02 2.4201772171e+00
1.1246000000e+01 2.6942245431e+02 2.4197360434e+00
1.1243000000e+01 2.7002223389e+02 2.4196198218e+00
1.1240000000e+01 2.7062228815e+02 2.4195005615e+00
1.1237000000e+01 2.7122261684e+02 2.4193782763e+00
1.1233000000e+01 2.7182321972e+02 2.4189259248e+00
1.1230000000e+01 2.7242409654e+02 2.4187978245e+00
1.1227000000e+01 2.7302524704e+02 2.4186667407e+00
1.1224000000e+01 2.7362667098e+02 2.4185326869e+00
1.1220000000e+01 2.7422836811e+02 2.4180693751e+00
1.1217000000e+01 2.7483033818e+02 2.4179296149e+00
1.1214000000e+01 2.7543258094e+02 2.4177869255e+00
1.1211000000e+01 2.7603509614e+02 2.4176413202e+00
1.1207000000e+01 2.7663788355e+02 2.4171672616e+00
1.1204000000e+01 2.7724094291e+02 2.4170160568e+00
1.1201000000e+01 2.7784427398e+02 2.4168619761e+00
1.1198000000e+01 2.7844787652e+02 2.4167050327e+00
1.1195000000e+01 2.7905175028e+02 2.4165452399e+00
1.1191000000e+01 2.7965589502e+02 2.4160579991e+00
1.1188000000e+01 2.8026031049e+02 2.4158927378e+00
1.1185000000e+01 2.8086499645e+02 2.4157246661e+00
1.1182000000e+01 2.8146995266e+02 2.4155537970e+00
1.1178000000e+01 2.8207517889e+02 2.4150562763e+00
1.1175000000e+01 2.8268067488e+02 2.4148800414e+00
1.1172000000e+01 2.8328644040e+02 2.4147010476e+00
1.1169000000e+01 2.8389247521e+02 2.4145193075e+00
1.1166000000e+01 2.8449877907e+02 2.4143348339e+00
1.1162000000e+01 2.8510535174e+02 2.4138247036e+00
1.1159000000e+01 2.8571219299e+02 2.4136349902e+00
1.1156000000e+01 2.8631930257e+02 2.4134425810e+00
1.1153000000e+01 2.8692668025e+02 2.4132474883e+00
1.1150000000e+01 2.8753432579e+02 2.4130497246e+00
1.1146000000e+01 2.8814223896e+02 2.4125272931e+00
1.1143000000e+01 2.8875041951e+02 2.4123244130e+00
1.1140000000e+01 2.8935886723e+02 2.4121188986e+00
1.1137000000e+01 2.8996758187e+02 2.4119107623e+00
1.1134000000e+01 2.9057656319e+02 2.4117000162e+00
1.1130000000e+01 2.9118581097e+02 2.4111655852e+00
1.1127000000e+01 2.9179532497e+02 2.4109498433e+00
1.1124000000e+01 2.9240510496e+02 2.4107315277e+00
1.1121000000e+01 2.9301515070e+02 2.4105106502e+00
1.1118000000e+01 2.9362546198e+02 2.4102872227e+00
1.1114000000e+01 2.9423603854e+02 2.4097410871e+00
1.1111000000e+01 2.9484688018e+02 2.4095127820e+00
1.1108000000e+01 2.9545798664e+02 2.4092819622e+00
1.1105000000e+01 2.9606935772e+02 2.4090486395e+00
1.1102000000e+01 2.9668099317e+02 2.4088128254e+00
1.1099000000e+01 2.9729289276e+02 2.4085745317e+00
1.1095000000e+01 2.9790505628e+02 2.4080146974e+00
1.1092000000e+01 2.9851748350e+02 2.4077716643e+00
1.1089000000e+01 2.9913017417e+02 2.4075261859e+00
1.1086000000e+01 2.9974312809e+02 2.4072782736e+00
1.1083000000e+01 3.0035634502e+02 2.4070279386e+00
1.1080000000e+01 3.0096982474e+02 2.4067751924e+00
1.1076000000e+01 3.0158356703e+02 2.4062020642e+00
1.1073000000e+01 3.0219757165e+02 2.4059447134e+00
1.1070000000e+01 3.0281183839e+02 2.4056849849e+00
1.1067000000e+01 3.0342636702e+02 2.4054228896e+00
1.1064000000e+01 3.0404115732e+02 2.4051584388e+00
1.1061000000e+01 3.0465620906e+02 2.4048916433e+00
1.1057000000e+01 3.0527152203e+02 2.4043056151e+00
1.1054000000e+01 3.0588709600e+02 2.4040343463e+00
1.1051000000e+01 3.0650293075e+02 2.4037607656e+00
1.1048000000e+01 3.0711902607e+02 2.4034848837e+00
1.1045000000e+01 3.0773538172e+02 2.4032067114e+00
1.1042000000e+01 3.0835199749e+02 2.4029262595e+00
1.1039000000e+01 3.0896887317e+02 2.4026435386e+00
1.1036000000e+01 3.0958600853e+02 2.4023585595e+00
1.1032000000e+01 3.1020340335e+02 2.4017558720e+00
1.1029000000e+01 3.1082105742e+02 2.4014665894e+00
1.1026000000e+01 3.1143897051e+02 2.4011750800e+00
1.1023000000e+01 3.1205714242e+02 2.4008813542e+00
1.1020000000e+01 3.1267557292e+02 2.4005854225e+00
1.1017000000e+01 3.1329426181e+02 2.4002872952e+00
1.1014000000e+01 3.1391320885e+02 2.3999869827e+00
1.1011000000e+01 3.1453241385e+02 2.3996844953e+00
1.1007000000e+01 3.1515187658e+02 2.3990658072e+00
1.1004000000e+01 3.1577159683e+02 2.3987591802e+00
1.1001000000e+01 3.1639157438e+02 2.3984504086e+00
1.0998000000e+01 3.1701180903e+02 2.3981395026e+00
1.0995000000e+01 3.1763230055e+02 2.3978264723e+00
1.0992000000e+01 3.1825304874e+02 2.3975113276e+00
1.0989000000e+01 3.1887405339e+02 2.3971940785e+00
1.0986000000e+01 3.1949531428e+02 2.3968747350e+00
1.0983000000e+01 3.2011683120e+02 2.3965533069e+00
1.0980000000e+01 3.2073860394e+02 2.3962298042e+00
1.0976000000e+01 3.2136063229e+02 2.3955919662e+00
1.0973000000e+01 3.2198291605e+02 2.3952645208e+00
1.0970000000e+01 3.2260545499e+02 2.3949350298e+00
1.0967000000e+01 3.2322824892e+02 2.3946035028e+00
1.0964000000e+01 3.2385129762e+02 2.3942699495e+00
1.0961000000e+01 3.2447460088e+02 2.3939343795e+00
1.0958000000e+01 3.2509815851e+02 2.3935968023e+00
1.0955000000e+01 3.2572197028e+02 2.3932572274e+00
1.0952000000e+01 3.2634603600e+02 2.3929156644e+00
1.0949000000e+01 3.2697035545e+02 2.3925721226e+00
1.0946000000e+01 3.2759492843e+02 2.3922266115e+00
1.0943000000e+01 3.2821975474e+02 2.3918791403e+00
1.0940000000e+01 3.2884483417e+02 2.3915297183e+00
1.0937000000e+01 3.2947016652e+02 2.3911783550e+00
1.0933000000e+01 3.3009575157e+02 2.3905152311e+00
1.0930000000e+01 3.3072158914e+02 2.3901601866e+00
1.0927000000e+01 3.3134767900e+02 2.3898032280e+00
1.0924000000e+01 3.3197402097e+02 2.3894443643e+00
1.0921000000e+01 3.3260061483e+02 2.3890836046e+00
1.0918000000e+01 3.3322746038e+02 2.3887209580e+00
1.0915000000e+01 3.3385455743e+02 2.3883564335e+00
1.0912000000e+01 3.3448190577e+02 2.3879900399e+00
1.0909000000e+01 3.3510950520e+02 2.3876217861e+00
1.0906000000e+01 3.3573735552e+02 2.3872516811e+00
1.0903000000e+01 3.3636545653e+02 2.3868797337e+00
1.0900000000e+01 3.3699380803e+02 2.3865059526e+00
1.0897000000e+01 3.3762240982e+02 2.3861303467e+00
1.0894000000e+01 3.3825126170e+02 2.3857529245e+00
1.0891000000e+01 3.3888036347e+02 2.3853736948e+00
1.0888000000e+01 3.3950971493e+02 2.3849926663e+00
1.0885000000e+01 3.4013931588e+02 2.3846098475e+00
1.0882000000e+01 3.4076916614e+02 2.3842252469e+00
1.0879000000e+01 3.4139926549e+02 2.3838388731e+00
1.0876000000e+01 3.4202961375e+02 2.3834507346e+00
1.0873000000e+01 3.4266021072e+02 2.3830608399e+00
1.0870000000e+01 3.4329105620e+02 2.3826691972e+00
1.0867000000e+01 3.4392214999e+02 2.3822758151e+00
1.0864000000e+01 3.4455349190e+02 2.3818807018e+00
1.0861000000e+01 3.4518508174e+02 2.3814838656e+00
1.0858000000e+01 3.4581691931e+02 2.3810853148e+00
1.0855000000e+01 3.4644900442e+02 2.3806850576e+00
1.0852000000e+01 3.4708133687e+02 2.3802831023e+00
1.0849000000e+01 3.4771391647e+02 2.3798794569e+00
1.0846000000e+01 3.4834674302e+02 2.3794741295e+00
1.0843000000e+01 3.4897981634e+02 2.3790671283e+00
1.0840000000e+01 3.4961313623e+02 2.3786584614e+00
1.0837000000e+01 3.5024670250e+02 2.3782481366e+00
1.0834000000e+01 3.5088051497e+02 2.3778361620e+00
1.0831000000e+01 3.5151457342e+02 2.3774225455e+00
1.0828000000e+01 3.5214887769e+02 2.3770072950e+00
1.0825000000e+01 3.5278342757e+02 2.3765904184e+00
1.0822000000e+01 3.5341822288e+02 2.3761719235e+00
1.0819000000e+01 3.5405326342e+02 2.3757518182e+00
1.0816000000e+01 3.5468854901e+02 2.3753301101e+00
1.0813000000e+01 3.5532407946e+02 2.3749068070e+00
1.0810000000e+01 3.5595985458e+02 2.3744819166e+00
1.0807000000e+01 3.5659587419e+02 2.3740554466e+00
1.0804000000e+01 3.5723213808e+02 2.3736274046e+00
1.0801000000e+01 3.5786864609e+02 2.3731977981e+00
1.0798000000e+01 3.5850539801e+02 2.3727666348e+00
1.0795000000e+01 3.5914239367e+02 2.3723339222e+00
1.0793000000e+01 3.5977963287e+02 2.3722015642e+00
1.0790000000e+01 3.6041711543e+02 2.3717656123e+00
1.0787000000e+01 3.6105484117e+02 2.3713281338e+00
1.0784000000e+01 3.6169280989e+02 2.3708891359e+00
1.0781000000e+01 3.6233102143e+02 2.3704486260e+00
1.0778000000e+01 3.6296947558e+02 2.3700066115e+00
1.0775000000e+01 3.6360817216e+02 2.3695630997e+00
1.0772000000e+01 3.6424711100e+02 2.3691180978e+00
1.0769000000e+01 3.6488629191e+02 2.3686716130e+00
1.0766000000e+01 3.6552571470e+02 2.3682236526e+00
1.0763000000e+01 3.6616537919e+02 2.3677742237e+00
1.0760000000e+01 3.6680528521e+02 2.3673233334e+00
1.0757000000e+01 3.6744543256e+02 2.3668709889e+00
1.0755000000e+01 3.6808582107e+02 2.3667169720e+00
1.0752000000e+01 3.6872645055e+02 2.3662615804e+00
1.0749000000e+01 3.6936732082e+02 2.3658047558e+00
1.0746000000e+01 3.7000843170e+02 2.3653465053e+00
1.0743000000e+01 3.7064978302e+02 2.3648868359e+00
1.0740000000e+01 3.7129137459e+02 2.3644257543e+00
1.0737000000e+01 3.7193320623e+02 2.3639632677e+00
1.0734000000e+01 3.7257527776e+02 2.3634993827e+00
1.0731000000e+01 3.7321758901e+02 2.3630341061e+00
1.0729000000e+01 3.7386013979e+02 2.3628657682e+00
1.0726000000e+01 3.7450292993e+02 2.3623975714e+00
1.0723000000e+01 3.7514595924e+02 2.3619280037e+00
1.0720000000e+01 3.7578922755e+02 2.3614570716e+00
1.0717000000e+01 3.7643273469e+02 2.3609847820e+00
1.0714000000e+01 3.7707648047e+02 2.3605111414e+00
1.0711000000e+01 3.7772046472e+02 2.3600361564e+00
1.0708000000e+01 3.7836468726e+02 2.3595598337e+00
1.0706000000e+01 3.7900914792e+02 2.3593792268e+00
1.0703000000e+01 3.7965384652e+02 2.3589000925e+00
1.0700000000e+01 3.8029878288e+02 2.3584196403e+00
1.0697000000e+01 3.8094395684e+02 2.3579378765e+00
1.0694000000e+01 3.8158936820e+02 2.3574548077e+00
1.0691000000e+01 3.8223501681e+02 2.3569704402e+00
1.0688000000e+01 3.8288090248e+02 2.3564847804e+00
1.0686000000e+01 3.8352702505e+02 2.3562937753e+00
1.0683000000e+01 3.8417338433e+02 2.3558053960e+00
1.0680000000e+01 3.8481998016e+02 2.3553157437e+00
1.0677000000e+01 3.8546681236e+02 2.3548248246e+00
1.0674000000e+01 3.8611388076e+02 2.3543326450e+00
1.0671000000e+01 3.8676118518e+02 2.3538392110e+00
1.0669000000e+01 3.8740872547e+02 2.3536395270e+00
1.0666000000e+01 3.8805650143e+02 2.3531434503e+00
1.0663000000e+01 3.8870451291e+02 2.3526461380e+00
1.0660000000e+01 3.8935275973e+02 2.3521475961e+00
1.0657000000e+01 3.9000124172e+02 2.3516478307e+00
1.0654000000e+01 3.9064995871e+02 2.3511468479e+00
1.0652000000e+01 3.9129891052e+02 2.3509387183e+00
1.0649000000e+01 3.9194809700e+02 2.3504351676e+00
1.0646000000e+01 3.9259751797e+02 2.3499304177e+00
1.0643000000e+01 3.9324717326e+02 2.3494244745e+00
1.0640000000e+01 3.9389706270e+02 2.3489173438e+00
1.0638000000e+01 3.9454718613e+02 2.3487023214e+00
1.0635000000e+01 3.9519754337e+02 2.3481926838e+00
1.0632000000e+01 3.9584813426e+02 2.3476818767e+00
1.0629000000e+01 3.9649895863e+02 2.3471699058e+00
1.0626000000e+01 3.9715001631e+02 2.3466567769e+00
1.0624000000e+01 3.9780130713e+02 2.3464350164e+00
1.0621000000e+01 3.9845283094e+02 2.3459194402e+00
1.0618000000e+01 3.9910458755e+02 2.3454027233e+00
1.0615000000e+01 3.9975657681e+02 2.3448848716e+00
1.0612000000e+01 4.0040879855e+02 2.3443658906e+00
1.0610000000e+01 4.0106125261e+02 2.3441375438e+00
1.0607000000e+01 4.0171393881e+02 2.3436161737e+00
1.0604000000e+01 4.0236685700e+02 2.3430936915e+00
1.0601000000e+01 4.0302000701e+02 2.3425701026e+00
1.0599000000e+01 4.0367338867e+02 2.3423365598e+00
1.0596000000e+01 4.0432700182e+02 2.3418106277e+00
1.0593000000e+01 4.0498084630e+02 2.3412836056e+00
1.0590000000e+01 4.0563492194e+02 2.3407554991e+00
1.0588000000e+01 4.0628922858e+02 2.3405168541e+00
1.0585000000e+01 4.0694376606e+02 2.3399864494e+00
1.0582000000e+01 4.0759853421e+02 2.3394549766e+00
1.0579000000e+01 4.0825353287e+02 2.3389224411e+00
1.0577000000e+01 4.0890876188e+02 2.3386787860e+00
1.0574000000e+01 4.0956422108e+02 2.3381439966e+00
1.0571000000e+01 4.1021991031e+02 2.3376081607e+00
1.0568000000e+01 4.1087582940e+02 2.3370712834e+00
1.0566000000e+01 4.1153197820e+02 2.3368227089e+00
1.0563000000e+01 4.1218835654e+02 2.3362836212e+00
1.0560000000e+01 4.1284496426e+02 2.3357435081e+00
1.0557000000e+01 4.1350180120e+02 2.3352023747e+00
1.0555000000e+01 4.1415886721e+02 2.3349489697e+00
1.0552000000e+01 4.1481616211e+02 2.3344056686e+00
1.0549000000e+01 4.1547368577e+02 2.3338613628e+00
1.0547000000e+01 4.1613143800e+02 2.3336043514e+00
1.0544000000e+01 4.1678941867e+02 2.3330579095e+00
1.0541000000e+01 4.1744762760e+02 2.3325104783e+00
1.0538000000e+01 4.1810606464e+02 2.3319620628e+00
1.0536000000e+01 4.1876472963e+02 2.3317003734e+00
1.0533000000e+01 4.1942362241e+02 2.3311498633e+00
1.0530000000e+01 4.2008274283e+02 2.3305983839e+00
1.0528000000e+01 4.2074209073e+02 2.3303332012e+00
1.0525000000e+01 4.2140166596e+02 2.3297796579e+00
1.0522000000e+01 4.2206146834e+02 2.3292251602e+00
1.0520000000e+01 4.2272149774e+02 2.3289565317e+00
1.0517000000e+01 4.2338175399e+02 2.3284000004e+00
1.0514000000e+01 4.2404223694e+02 2.3278425296e+00
1.0512000000e+01 4.2470294643e+02 2.3275705021e+00
1.0509000000e+01 4.2536388230e+02 2.3270110276e+00
1.0506000000e+01 4.2602504441e+02 2.3264506279e+00
1.0503000000e+01 4.2668643259e+02 2.3258893078e+00
1.0501000000e+01 4.2734804670e+02 2.3256128740e+00
1.0498000000e+01 4.2800988658e+02 2.3250495893e+00
1.0495000000e+01 4.2867195207e+02 2.3244853985e+00
1.0493000000e+01 4.2933424302e+02 2.3242056728e+00
1.0490000000e+01 4.2999675928e+02 2.3236395464e+00
1.0487000000e+01 4.3065950069e+02 2.3230725279e+00
1.0485000000e+01 4.3132246710e+02 2.3227895552e+00
1.0482000000e+01 4.3198565837e+02 2.3222206298e+00
1.0480000000e+01 4.3264907433e+02 2.3219354643e+00
1.0477000000e+01 4.3331271483e+02 2.3213646509e+00
1.0474000000e+01 4.3397657972e+02 2.3207929686e+00
1.0472000000e+01 4.3464066886e+02 2.3205046300e+00
1.0469000000e+01 4.3530498209e+02 2.3199310877e+00
1.0466000000e+01 4.3596951925e+02 2.3193566900e+00
1.0464000000e+01 4.3663428020e+02 2.3190652219e+00
1.0461000000e+01 4.3729926479e+02 2.3184889919e+00
1.0458000000e+01 4.3796447287e+02 2.3179119198e+00
1.0456000000e+01 4.3862990428e+02 2.3176173651e+00
1.0453000000e+01 4.3929555888e+02 2.3170384881e+00
1.0451000000e+01 4.3996143652e+02 2.3167418471e+00
1.0448000000e+01 4.4062753704e+02 2.3161611832e+00
1.0445000000e+01 4.4129386030e+02 2.3155796991e+00
1.0443000000e+01 4.4196040616e+02 2.3152800421e+00
