0.0000000000e+00 -4.1416796841e+01 0.0000000000e+00
0.0000000000e+00 -4.1049493435e+01 0.0000000000e+00
0.0000000000e+00 -4.0681580395e+01 0.0000000000e+00
0.0000000000e+00 -4.0313059735e+01 0.0000000000e+00
0.0000000000e+00 -3.9943933451e+01 0.0000000000e+00
0.0000000000e+00 -3.9574203524e+01 0.0000000000e+00
0.0000000000e+00 -3.9203871919e+01 0.0000000000e+00
0.0000000000e+00 -3.8832940586e+01 0.0000000000e+00
0.0000000000e+00 -3.8461411456e+01 0.0000000000e+00
0.0000000000e+00 -3.8089286448e+01 0.0000000000e+00
0.0000000000e+00 -3.7716567464e+01 0.0000000000e+00
0.0000000000e+00 -3.7343256390e+01 0.0000000000e+00
0.0000000000e+00 -3.6969355100e+01 0.0000000000e+00
0.0000000000e+00 -3.6594865450e+01 0.0000000000e+00
0.0000000000e+00 -3.6219789284e+01 0.0000000000e+00
0.0000000000e+00 -3.5844128430e+01 0.0000000000e+00
0.0000000000e+00 -3.5467884703e+01 0.0000000000e+00
0.0000000000e+00 -3.5091059902e+01 0.0000000000e+00
0.0000000000e+00 -3.4713655815e+01 0.0000000000e+00
0.0000000000e+00 -3.4335674215e+01 0.0000000000e+00
0.0000000000e+00 -3.3957116861e+01 0.0000000000e+00
0.0000000000e+00 -3.3577985498e+01 0.0000000000e+00
0.0000000000e+00 -3.3198281860e+01 0.0000000000e+00
0.0000000000e+00 -3.2818007666e+01 0.0000000000e+00
0.0000000000e+00 -3.2437164625e+01 0.0000000000e+00
0.0000000000e+00 -3.2055754429e+01 0.0000000000e+00
0.0000000000e+00 -3.1673778760e+01 0.0000000000e+00
0.0000000000e+00 -3.1291239289e+01 0.0000000000e+00
0.0000000000e+00 -3.0908137671e+01 0.0000000000e+00
0.0000000000e+00 -3.0524475552e+01 0.0000000000e+00
0.0000000000e+00 -3.0140254565e+01 0.0000000000e+00
0.0000000000e+00 -2.9755476330e+01 0.0000000000e+00
0.0000000000e+00 -2.9370142458e+01 0.0000000000e+00
0.0000000000e+00 -2.8984254546e+01 0.0000000000e+00
0.0000000000e+00 -2.8597814180e+01 0.0000000000e+00
0.0000000000e+00 -2.8210822936e+01 0.0000000000e+00
0.0000000000e+00 -2.7823282377e+01 0.0000000000e+00
0.0000000000e+00 -2.7435194056e+01 0.0000000000e+00
0.0000000000e+00 -2.7046559516e+01 0.0000000000e+00
0.0000000000e+00 -2.6657380286e+01 0.0000000000e+00
0.0000000000e+00 -2.6267657889e+01 0.0000000000e+00
0.0000000000e+00 -2.5877393833e+01 0.0000000000e+00
0.0000000000e+00 -2.5486589617e+01 0.0000000000e+00
0.0000000000e+00 -2.5095246732e+01 0.0000000000e+00
0.0000000000e+00 -2.4703366656e+01 0.0000000000e+00
0.0000000000e+00 -2.4310950857e+01 0.0000000000e+00
0.0000000000e+00 -2.3918000795e+01 0.0000000000e+00
0.0000000000e+00 -2.3524517918e+01 0.0000000000e+00
0.0000000000e+00 -2.3130503665e+01 0.0000000000e+00
0.0000000000e+00 -2.2735959466e+01 0.0000000000e+00
0.0000000000e+00 -2.2340886740e+01 0.0000000000e+00
0.0000000000e+00 -2.1945286898e+01 0.0000000000e+00
0.0000000000e+00 -2.1549161341e+01 0.0000000000e+00
0.0000000000e+00 -2.1152511461e+01 0.0000000000e+00
0.0000000000e+00 -2.0755338640e+01 0.0000000000e+00
0.0000000000e+00 -2.0357644251e+01 0.0000000000e+00
0.0000000000e+00 -1.9959429659e+01 0.0000000000e+00
0.0000000000e+00 -1.9560696220e+01 0.0000000000e+00
0.0000000000e+00 -1.9161445280e+01 0.0000000000e+00
0.0000000000e+00 -1.8761678178e+01 0.0000000000e+00
0.0000000000e+00 -1.8361396242e+01 0.0000000000e+00
0.0000000000e+00 -1.7960600795e+01 0.0000000000e+00
0.0000000000e+00 -1.7559293148e+01 0.0000000000e+00
0.0000000000e+00 -1.7157474605e+01 0.0000000000e+00
0.0000000000e+00 -1.6755146463e+01 0.0000000000e+00
0.0000000000e+00 -1.6352310009e+01 0.0000000000e+00
0.0000000000e+00 -1.5948966522e+01 0.0000000000e+00
0.0000000000e+00 -1.5545117275e+01 0.0000000000e+00
0.0000000000e+00 -1.5140763530e+01 0.0000000000e+00
0.0000000000e+00 -1.4735906545e+01 0.0000000000e+00
0.0000000000e+00 -1.4330547565e+01 0.0000000000e+00
0.0000000000e+00 -1.3924687833e+01 0.0000000000e+00
0.0000000000e+00 -1.3518328580e+01 0.0000000000e+00
0.0000000000e+00 -1.3111471031e+01 0.0000000000e+00
0.0000000000e+00 -1.2704116405e+01 0.0000000000e+00
0.0000000000e+00 -1.2296265911e+01 0.0000000000e+00
0.0000000000e+00 -1.1887920752e+01 0.0000000000e+00
0.0000000000e+00 -1.1479082123e+01 0.0000000000e+00
0.0000000000e+00 -1.1069751214e+01 0.0000000000e+00
0.0000000000e+00 -1.0659929205e+01 0.0000000000e+00
0.0000000000e+00 -1.0249617270e+01 0.0000000000e+00
0.0000000000e+00 -9.8388165777e+00 0.0000000000e+00
0.0000000000e+00 -9.4275282868e+00 0.0000000000e+00
0.0000000000e+00 -9.0157535513e+00 0.0000000000e+00
0.0000000000e+00 -8.6034935177e+00 0.0000000000e+00
0.0000000000e+00 -8.1907493259e+00 0.0000000000e+00
0.0000000000e+00 -7.7775221091e+00 0.0000000000e+00
0.0000000000e+00 -7.3638129940e+00 0.0000000000e+00
0.0000000000e+00 -6.9496231005e+00 0.0000000000e+00
0.0000000000e+00 -6.5349535422e+00 0.0000000000e+00
0.0000000000e+00 -6.1198054262e+00 0.0000000000e+00
0.0000000000e+00 -5.7041798534e+00 0.0000000000e+00
0.0000000000e+00 -5.2880779182e+00 0.0000000000e+00
0.0000000000e+00 -4.8715007087e+00 0.0000000000e+00
0.0000000000e+00 -4.4544493071e+00 0.0000000000e+00
0.0000000000e+00 -4.0369247892e+00 0.0000000000e+00
0.0000000000e+00 -3.6189282247e+00 0.0000000000e+00
0.0000000000e+00 -3.2004606775e+00 0.0000000000e+00
0.0000000000e+00 -2.7815232054e+00 0.0000000000e+00
0.0000000000e+00 -2.3621168602e+00 0.0000000000e+00
0.0000000000e+00 -1.9422426879e+00 0.0000000000e+00
0.0000000000e+00 -1.5219017288e+00 0.0000000000e+00
0.0000000000e+00 -1.1010950173e+00 0.0000000000e+00
0.0000000000e+00 -6.7982358203e-01 0.0000000000e+00
0.0000000000e+00 -2.5808844615e-01 0.0000000000e+00
6.3100000000e-01 1.6410937291e-01 3.6496642273e-04
1.1890000000e+00 5.8676886328e-01 2.4422799090e-03
1.5540000000e+00 1.0098890186e+00 5.4581291575e-03
1.8450000000e+00 1.4334688379e+00 9.1449716386e-03
2.0930000000e+00 1.8575073258e+00 1.3366796827e-02
2.3120000000e+00 2.2820034921e+00 1.8039366568e-02
2.5100000000e+00 2.7069563520e+00 2.3111182596e-02
2.6910000000e+00 3.1323649261e+00 2.8516157652e-02
2.8580000000e+00 3.5582282400e+00 3.4205115340e-02
3.0150000000e+00 3.9845453248e+00 4.0208392594e-02
3.1620000000e+00 4.4113152163e+00 4.6440246691e-02
3.3010000000e+00 4.8385369559e+00 5.2905313139e-02
3.4320000000e+00 5.2662095897e+00 5.9533825726e-02
3.5570000000e+00 5.6943321690e+00 6.6363775010e-02
3.6770000000e+00 6.1229037500e+00 7.3402961549e-02
3.7910000000e+00 6.5519233939e+00 8.0547674108e-02
3.9010000000e+00 6.9813901667e+00 8.7876725382e-02
4.0070000000e+00 7.4113031393e+00 9.5357798002e-02
4.1080000000e+00 7.8416613874e+00 1.0288436306e-01
4.2060000000e+00 8.2724639915e+00 1.1056583388e-01
4.3010000000e+00 8.7037100368e+00 1.1837865007e-01
4.3930000000e+00 9.1353986133e+00 1.2629875196e-01
4.4810000000e+00 9.5675288154e+00 1.3421440415e-01
4.5670000000e+00 1.0000099742e+01 1.4227209066e-01
4.6510000000e+00 1.0433110498e+01 1.5045707071e-01
4.7310000000e+00 1.0866560190e+01 1.5855966256e-01
4.8100000000e+00 1.1300447933e+01 1.6684665204e-01
4.8860000000e+00 1.1734772842e+01 1.7510485537e-01
4.9610000000e+00 1.2169534040e+01 1.8352307418e-01
5.0330000000e+00 1.2604730653e+01 1.9187499805e-01
5.1040000000e+00 1.3040361811e+01 2.0036201402e-01
5.1730000000e+00 1.3476426649e+01 2.0886142758e-01
5.2400000000e+00 1.3912924306e+01 2.1735750285e-01
5.3050000000e+00 1.4349853926e+01 2.2583454930e-01
5.3690000000e+00 1.4787214656e+01 2.3440222255e-01
5.4320000000e+00 1.5225005648e+01 2.4305376145e-01
5.4930000000e+00 1.5663226058e+01 2.5165116303e-01
5.5530000000e+00 1.6101875046e+01 2.6031287148e-01
5.6110000000e+00 1.6540951776e+01 2.6889511100e-01
5.6680000000e+00 1.6980455416e+01 2.7752213498e-01
5.7240000000e+00 1.7420385138e+01 2.8618700371e-01
5.7790000000e+00 1.7860740120e+01 2.9488275252e-01
5.8330000000e+00 1.8301519540e+01 3.0360239992e-01
5.8850000000e+00 1.8742722584e+01 3.1218841136e-01
5.9370000000e+00 1.9184348438e+01 3.2093221617e-01
5.9870000000e+00 1.9626396296e+01 3.2952317548e-01
6.0360000000e+00 2.0068865353e+01 3.3810495299e-01
6.0850000000e+00 2.0511754808e+01 3.4683159538e-01
6.1330000000e+00 2.0955063866e+01 3.5554042068e-01
6.1790000000e+00 2.1398791733e+01 3.6405858348e-01
6.2250000000e+00 2.1842937619e+01 3.7270867841e-01
6.2700000000e+00 2.2287500741e+01 3.8132045949e-01
6.3140000000e+00 2.2732480315e+01 3.8988718034e-01
6.3570000000e+00 2.3177875565e+01 3.9840215248e-01
6.4000000000e+00 2.3623685715e+01 4.0703674251e-01
6.4420000000e+00 2.4069909994e+01 4.1561103915e-01
6.4830000000e+00 2.4516547636e+01 4.2411844346e-01
6.5230000000e+00 2.4963597877e+01 4.3255243209e-01
6.5630000000e+00 2.5411059956e+01 4.4109373326e-01
6.6020000000e+00 2.5858933117e+01 4.4955323174e-01
6.6400000000e+00 2.6307216606e+01 4.5792453557e-01
6.6770000000e+00 2.6755909675e+01 4.6620134365e-01
6.7140000000e+00 2.7205011575e+01 4.7457334298e-01
6.7510000000e+00 2.7654521565e+01 4.8304075925e-01
6.7870000000e+00 2.8104438905e+01 4.9140359152e-01
6.8220000000e+00 2.8554762858e+01 4.9965568080e-01
6.8560000000e+00 2.9005492692e+01 5.0779097363e-01
6.8910000000e+00 2.9456627676e+01 5.1621617210e-01
6.9240000000e+00 2.9908167085e+01 5.2431236645e-01
6.9570000000e+00 3.0360110195e+01 5.3248834494e-01
6.9900000000e+00 3.0812456286e+01 5.4074420913e-01
7.0220000000e+00 3.1265204642e+01 5.4886573681e-01
7.0530000000e+00 3.1718354549e+01 5.5684715961e-01
7.0840000000e+00 3.2171905296e+01 5.6490090376e-01
7.1140000000e+00 3.2625856177e+01 5.7280704249e-01
7.1440000000e+00 3.3080206487e+01 5.8078183121e-01
7.1740000000e+00 3.3534955525e+01 5.8882530112e-01
7.2030000000e+00 3.3990102594e+01 5.9671196298e-01
7.2320000000e+00 3.4445646997e+01 6.0466366770e-01
7.2600000000e+00 3.4901588044e+01 6.1245132656e-01
7.2880000000e+00 3.5357925045e+01 6.2030044878e-01
7.3150000000e+00 3.5814657315e+01 6.2797844240e-01
7.3420000000e+00 3.6271784170e+01 6.3571438480e-01
7.3690000000e+00 3.6729304930e+01 6.4350825294e-01
7.3950000000e+00 3.7187218919e+01 6.5112232317e-01
7.4210000000e+00 3.7645525462e+01 6.5879086349e-01
7.4470000000e+00 3.8104223888e+01 6.6651383387e-01
7.4720000000e+00 3.8563313528e+01 6.7404852905e-01
7.4960000000e+00 3.9022793717e+01 6.8139003203e-01
7.5210000000e+00 3.9482663792e+01 6.8902513589e-01
7.5450000000e+00 3.9942923092e+01 6.9646374221e-01
7.5690000000e+00 4.0403570962e+01 7.0395002419e-01
7.5920000000e+00 4.0864606745e+01 7.1123339603e-01
7.6150000000e+00 4.1326029792e+01 7.1856121875e-01
7.6380000000e+00 4.1787839452e+01 7.2593342213e-01
7.6600000000e+00 4.2250035079e+01 7.3309490067e-01
7.6820000000e+00 4.2712616031e+01 7.4029762195e-01
7.7040000000e+00 4.3175581665e+01 7.4754150858e-01
7.7260000000e+00 4.3638931344e+01 7.5482647925e-01
7.7470000000e+00 4.4102664433e+01 7.6189160111e-01
7.7680000000e+00 4.4566780298e+01 7.6899475818e-01
7.7880000000e+00 4.5031278308e+01 7.7587223759e-01
7.8090000000e+00 4.5496157837e+01 7.8304979370e-01
7.8290000000e+00 4.5961418259e+01 7.8999872187e-01
7.8490000000e+00 4.6427058951e+01 7.9698255963e-01
7.8680000000e+00 4.6893079293e+01 8.0373215062e-01
7.8870000000e+00 4.7359478669e+01 8.1051380364e-01
7.9060000000e+00 4.7826256461e+01 8.1732742818e-01
7.9250000000e+00 4.8293412059e+01 8.2417293100e-01
7.9440000000e+00 4.8760944852e+01 8.3105021612e-01
7.9620000000e+00 4.9228854232e+01 8.3768365869e-01
7.9800000000e+00 4.9697139594e+01 8.4434614275e-01
7.9980000000e+00 5.0165800336e+01 8.5103757295e-01
8.0150000000e+00 5.0634835856e+01 8.5747863713e-01
8.0330000000e+00 5.1104245558e+01 8.6422642529e-01
8.0500000000e+00 5.1574028845e+01 8.7072121884e-01
8.0670000000e+00 5.2044185124e+01 8.7724213664e-01
8.0830000000e+00 5.2514713804e+01 8.8350511104e-01
8.1000000000e+00 5.2985614297e+01 8.9007680106e-01
8.1160000000e+00 5.3456886017e+01 8.9638803517e-01
8.1320000000e+00 5.3928528379e+01 9.0272268908e-01
8.1480000000e+00 5.4400540802e+01 9.0908066679e-01
8.1630000000e+00 5.4872922707e+01 9.1517225062e-01
8.1790000000e+00 5.5345673516e+01 9.2157546048e-01
8.1940000000e+00 5.5818792655e+01 9.2770988605e-01
8.2090000000e+00 5.6292279551e+01 9.3386505416e-01
8.2240000000e+00 5.6766133633e+01 9.4004087026e-01
8.2380000000e+00 5.7240354335e+01 9.4594227125e-01
8.2530000000e+00 5.7714941088e+01 9.5215803424e-01
8.2670000000e+00 5.8189893331e+01 9.5809711738e-01
8.2810000000e+00 5.8665210500e+01 9.6405439745e-01
8.2950000000e+00 5.9140892037e+01 9.7002978293e-01
8.3090000000e+00 5.9616937385e+01 9.7602318108e-01
8.3220000000e+00 6.0093345987e+01 9.8173348722e-01
8.3360000000e+00 6.0570117291e+01 9.8776163217e-01
8.3490000000e+00 6.1047250746e+01 9.9350455304e-01
8.3620000000e+00 6.1524745803e+01 9.9926317330e-01
8.3750000000e+00 6.2002601915e+01 1.0050374047e+00
8.3870000000e+00 6.2480818537e+01 1.0105214206e+00
8.4000000000e+00 6.2959395127e+01 1.0163256707e+00
8.4120000000e+00 6.3438331144e+01 1.0218377032e+00
8.4250000000e+00 6.3917626049e+01 1.0276716211e+00
8.4370000000e+00 6.4397279306e+01 1.0332113296e+00
8.4490000000e+00 6.4877290380e+01 1.0387643068e+00
8.4610000000e+00 6.5357658737e+01 1.0443304684e+00
8.4720000000e+00 6.5838383849e+01 1.0495977738e+00
8.4840000000e+00 6.6319465185e+01 1.0551891797e+00
8.4950000000e+00 6.6800902219e+01 1.0604798690e+00
8.5060000000e+00 6.7282694427e+01 1.0657817201e+00
8.5170000000e+00 6.7764841285e+01 1.0710946554e+00
8.5280000000e+00 6.8247342272e+01 1.0764185966e+00
8.5390000000e+00 6.8730196870e+01 1.0817534648e+00
8.5500000000e+00 6.9213404560e+01 1.0870991806e+00
8.5600000000e+00 6.9696964829e+01 1.0921371908e+00
8.5710000000e+00 7.0180877162e+01 1.0975035616e+00
8.5810000000e+00 7.0665141048e+01 1.1025605145e+00
8.5910000000e+00 7.1149755978e+01 1.1076264509e+00
8.6010000000e+00 7.1634721442e+01 1.1127012989e+00
8.6110000000e+00 7.2120036937e+01 1.1177849861e+00
8.6210000000e+00 7.2605701956e+01 1.1228774396e+00
8.6310000000e+00 7.3091715998e+01 1.1279785861e+00
8.6400000000e+00 7.3578078563e+01 1.1327639068e+00
8.6500000000e+00 7.4064789151e+01 1.1378814865e+00
8.6590000000e+00 7.4551847266e+01 1.1426816761e+00
8.6680000000e+00 7.5039252411e+01 1.1474888557e+00
8.6770000000e+00 7.5527004095e+01 1.1523029601e+00
8.6860000000e+00 7.6015101825e+01 1.1571239240e+00
8.6950000000e+00 7.6503545111e+01 1.1619516813e+00
8.7040000000e+00 7.6992333465e+01 1.1667861660e+00
8.7120000000e+00 7.7481466400e+01 1.1712974285e+00
8.7210000000e+00 7.7970943431e+01 1.1761445035e+00
8.7290000000e+00 7.8460764076e+01 1.1806669384e+00
8.7380000000e+00 7.8950927853e+01 1.1855263490e+00
8.7460000000e+00 7.9441434283e+01 1.1900597137e+00
8.7540000000e+00 7.9932282886e+01 1.1945981451e+00
8.7620000000e+00 8.0423473188e+01 1.1991415850e+00
8.7700000000e+00 8.0915004712e+01 1.2036899752e+00
8.7780000000e+00 8.1406876986e+01 1.2082432569e+00
8.7860000000e+00 8.1899089539e+01 1.2128013714e+00
8.7930000000e+00 8.2391641900e+01 1.2170282228e+00
8.8010000000e+00 8.2884533602e+01 1.2215952323e+00
8.8080000000e+00 8.3377764178e+01 1.2258297164e+00
8.8160000000e+00 8.3871333163e+01 1.2304053964e+00
8.8230000000e+00 8.4365240092e+01 1.2346473010e+00
8.8300000000e+00 8.4859484506e+01 1.2388925639e+00
8.8370000000e+00 8.5354065943e+01 1.2431411347e+00
8.8440000000e+00 8.5848983944e+01 1.2473929628e+00
8.8510000000e+00 8.6344238053e+01 1.2516479977e+00
8.8580000000e+00 8.6839827814e+01 1.2559061886e+00
8.8650000000e+00 8.7335752772e+01 1.2601674846e+00
8.8710000000e+00 8.7832012476e+01 1.2640898103e+00
8.8780000000e+00 8.8328606475e+01 1.2683566415e+00
8.8840000000e+00 8.8825534318e+01 1.2722833973e+00
8.8910000000e+00 8.9322795558e+01 1.2765555714e+00
8.8970000000e+00 8.9820389748e+01 1.2804865771e+00
8.9030000000e+00 9.0318316444e+01 1.2844194025e+00
8.9090000000e+00 9.0816575203e+01 1.2883540052e+00
8.9150000000e+00 9.1315165581e+01 1.2922903430e+00
8.9220000000e+00 9.1814087138e+01 1.2965742786e+00
8.9270000000e+00 9.2313339436e+01 1.3001680535e+00
8.9330000000e+00 9.2812922036e+01 1.3041093413e+00
8.9390000000e+00 9.3312834503e+01 1.3080521941e+00
8.9450000000e+00 9.3813076402e+01 1.3119965690e+00
8.9500000000e+00 9.4313647299e+01 1.3155942666e+00
8.9560000000e+00 9.4814546763e+01 1.3195411098e+00
8.9620000000e+00 9.5315774363e+01 1.3234893501e+00
8.9670000000e+00 9.5817329670e+01 1.3270894855e+00
8.9720000000e+00 9.6319212256e+01 1.3306900868e+00
8.9780000000e+00 9.6821421695e+01 1.3346413889e+00
8.9830000000e+00 9.7323957563e+01 1.3382432203e+00
8.9880000000e+00 9.7826819435e+01 1.3418454123e+00
8.9930000000e+00 9.8330006889e+01 1.3454479305e+00
8.9980000000e+00 9.8833519505e+01 1.3490507410e+00
9.0030000000e+00 9.9337356864e+01 1.3526538093e+00
9.0080000000e+00 9.9841518546e+01 1.3562571013e+00
9.0130000000e+00 1.0034600414e+02 1.3598605829e+00
9.0180000000e+00 1.0085081322e+02 1.3634642196e+00
9.0220000000e+00 1.0135594538e+02 1.3667142004e+00
9.0270000000e+00 1.0186140020e+02 1.3703176693e+00
9.0320000000e+00 1.0236717728e+02 1.3739211936e+00
9.0360000000e+00 1.0287327621e+02 1.3771698740e+00
9.0410000000e+00 1.0337969656e+02 1.3807730392e+00
9.0450000000e+00 1.0388643795e+02 1.3840205931e+00
9.0490000000e+00 1.0439349995e+02 1.3872673749e+00
9.0540000000e+00 1.0490088218e+02 1.3908695864e+00
9.0580000000e+00 1.0540858421e+02 1.3941150722e+00
9.0620000000e+00 1.0591660565e+02 1.3973597052e+00
9.0660000000e+00 1.0642494611e+02 1.4006034592e+00
9.0700000000e+00 1.0693360517e+02 1.4038463082e+00
9.0740000000e+00 1.0744258244e+02 1.4070882264e+00
9.0780000000e+00 1.0795187753e+02 1.4103291878e+00
9.0820000000e+00 1.0846149003e+02 1.4135691665e+00
9.0860000000e+00 1.0897141956e+02 1.4168081366e+00
9.0900000000e+00 1.0948166571e+02 1.4200460724e+00
9.0940000000e+00 1.0999222810e+02 1.4232829479e+00
9.0970000000e+00 1.1050310633e+02 1.4261590557e+00
9.1010000000e+00 1.1101430002e+02 1.4293934351e+00
9.1050000000e+00 1.1152580877e+02 1.4326266797e+00
9.1080000000e+00 1.1203763220e+02 1.4354982216e+00
9.1120000000e+00 1.1254976992e+02 1.4387288287e+00
9.1150000000e+00 1.1306222155e+02 1.4415971324e+00
9.1190000000e+00 1.1357498670e+02 1.4448250099e+00
9.1220000000e+00 1.1408806499e+02 1.4476899931e+00
9.1250000000e+00 1.1460145604e+02 1.4505531582e+00
9.1290000000e+00 1.1511515947e+02 1.4537766300e+00
9.1320000000e+00 1.1562917489e+02 1.4566363542e+00
9.1350000000e+00 1.1614350193e+02 1.4594942038e+00
9.1380000000e+00 1.1665814021e+02 1.4623501608e+00
9.1410000000e+00 1.1717308936e+02 1.4652042073e+00
9.1440000000e+00 1.1768834900e+02 1.4680563254e+00
9.1470000000e+00 1.1820391875e+02 1.4709064973e+00
9.1500000000e+00 1.1871979826e+02 1.4737547051e+00
9.1530000000e+00 1.1923598713e+02 1.4766009312e+00
9.1560000000e+00 1.1975248501e+02 1.4794451578e+00
9.1590000000e+00 1.2026929152e+02 1.4822873673e+00
9.1610000000e+00 1.2078640629e+02 1.4847627783e+00
9.1640000000e+00 1.2130382897e+02 1.4876006763e+00
9.1670000000e+00 1.2182155917e+02 1.4904365068e+00
9.1700000000e+00 1.2233959655e+02 1.4932702525e+00
9.1720000000e+00 1.2285794072e+02 1.4957362717e+00
9.1750000000e+00 1.2337659134e+02 1.4985655798e+00
9.1770000000e+00 1.2389554804e+02 1.5010267241e+00
9.1800000000e+00 1.2441481045e+02 1.5038515345e+00
9.1820000000e+00 1.2493437823e+02 1.5063077524e+00
9.1850000000e+00 1.2545425100e+02 1.5091280053e+00
9.1870000000e+00 1.2597442842e+02 1.5115792457e+00
9.1890000000e+00 1.2649491012e+02 1.5140278887e+00
9.1920000000e+00 1.2701569576e+02 1.5168410939e+00
9.1940000000e+00 1.2753678497e+02 1.5192846856e+00
9.1960000000e+00 1.2805817740e+02 1.5217256462e+00
9.1980000000e+00 1.2857987271e+02 1.5241639652e+00
9.2010000000e+00 1.2910187053e+02 1.5269675145e+00
9.2030000000e+00 1.2962417053e+02 1.5294006866e+00
9.2050000000e+00 1.3014677234e+02 1.5318311840e+00
9.2070000000e+00 1.3066967563e+02 1.5342589966e+00
9.2090000000e+00 1.3119288004e+02 1.5366841140e+00
9.2110000000e+00 1.3171638523e+02 1.5391065262e+00
9.2130000000e+00 1.3224019086e+02 1.5415262231e+00
9.2150000000e+00 1.3276429657e+02 1.5439431945e+00
9.2170000000e+00 1.3328870203e+02 1.5463574305e+00
9.2190000000e+00 1.3381340690e+02 1.5487689211e+00
9.2200000000e+00 1.3433841082e+02 1.5508081883e+00
9.2220000000e+00 1.3486371347e+02 1.5532140105e+00
9.2240000000e+00 1.3538931450e+02 1.5556170598e+00
9.2260000000e+00 1.3591521358e+02 1.5580173263e+00
9.2270000000e+00 1.3644141036e+02 1.5600447724e+00
9.2290000000e+00 1.3696790451e+02 1.5624393041e+00
9.2310000000e+00 1.3749469570e+02 1.5648310259e+00
9.2320000000e+00 1.3802178359e+02 1.5668495051e+00
9.2340000000e+00 1.3854916784e+02 1.5692354441e+00
9.2350000000e+00 1.3907684813e+02 1.5712478754e+00
9.2370000000e+00 1.3960482412e+02 1.5736280013e+00
9.2380000000e+00 1.4013309549e+02 1.5756343617e+00
9.2400000000e+00 1.4066166189e+02 1.5780086446e+00
9.2410000000e+00 1.4119052301e+02 1.5800089117e+00
9.2430000000e+00 1.4171967851e+02 1.5823773221e+00
9.2440000000e+00 1.4224912806e+02 1.5843714734e+00
9.2450000000e+00 1.4277887135e+02 1.5863625078e+00
9.2470000000e+00 1.4330890804e+02 1.5887219961e+00
9.2480000000e+00 1.4383923782e+02 1.5907068837e+00
9.2490000000e+00 1.4436986035e+02 1.5926886417e+00
9.2500000000e+00 1.4490077532e+02 1.5946672663e+00
9.2520000000e+00 1.4543198240e+02 1.5970147300e+00
9.2530000000e+00 1.4596348127e+02 1.5989871689e+00
9.2540000000e+00 1.4649527161e+02 1.6009564620e+00
9.2550000000e+00 1.4702735311e+02 1.6029226060e+00
9.2560000000e+00 1.4755972544e+02 1.6048855973e+00
9.2570000000e+00 1.4809238828e+02 1.6068454325e+00
9.2580000000e+00 1.4862534133e+02 1.6088021083e+00
9.2590000000e+00 1.4915858426e+02 1.6107556214e+00
9.2600000000e+00 1.4969211677e+02 1.6127059685e+00
9.2610000000e+00 1.5022593853e+02 1.6146531462e+00
9.2620000000e+00 1.5076004923e+02 1.6165971515e+00
9.2630000000e+00 1.5129444856e+02 1.6185379811e+00
9.2640000000e+00 1.5182913621e+02 1.6204756319e+00
9.2650000000e+00 1.5236411187e+02 1.6224101009e+00
9.2660000000e+00 1.5289937523e+02 1.6243413850e+00
9.2670000000e+00 1.5343492598e+02 1.6262694812e+00
9.2680000000e+00 1.5397076381e+02 1.6281943865e+00
9.2680000000e+00 1.5450688841e+02 1.6297427732e+00
9.2690000000e+00 1.5504329948e+02 1.6316612227e+00
9.2700000000e+00 1.5557999672e+02 1.6335764742e+00
9.2710000000e+00 1.5611697981e+02 1.6354885249e+00
9.2710000000e+00 1.5665424846e+02 1.6370238095e+00
9.2720000000e+00 1.5719180235e+02 1.6389293910e+00
9.2730000000e+00 1.5772964120e+02 1.6408317650e+00
9.2730000000e+00 1.5826776469e+02 1.6423572069e+00
9.2740000000e+00 1.5880617252e+02 1.6442531031e+00
9.2740000000e+00 1.5934486440e+02 1.6457719688e+00
9.2750000000e+00 1.5988384003e+02 1.6476613827e+00
9.2760000000e+00 1.6042309910e+02 1.6495475794e+00
9.2760000000e+00 1.6096264133e+02 1.6510566011e+00
9.2770000000e+00 1.6150246641e+02 1.6529363080e+00
9.2770000000e+00 1.6204257404e+02 1.6544387556e+00
9.2780000000e+00 1.6258296394e+02 1.6563119691e+00
9.2780000000e+00 1.6312363580e+02 1.6578078445e+00
9.2790000000e+00 1.6366458934e+02 1.6596745610e+00
9.2790000000e+00 1.6420582426e+02 1.6611638662e+00
9.2790000000e+00 1.6474734026e+02 1.6626498737e+00
9.2800000000e+00 1.6528913706e+02 1.6645068199e+00
9.2800000000e+00 1.6583121437e+02 1.6659862619e+00
9.2800000000e+00 1.6637357189e+02 1.6674624106e+00
9.2810000000e+00 1.6691620935e+02 1.6693095843e+00
9.2810000000e+00 1.6745912643e+02 1.6707791728e+00
9.2810000000e+00 1.6800232287e+02 1.6722454725e+00
9.2820000000e+00 1.6854579837e+02 1.6740828724e+00
9.2820000000e+00 1.6908955265e+02 1.6755426176e+00
9.2820000000e+00 1.6963358542e+02 1.6769990789e+00
9.2820000000e+00 1.7017789640e+02 1.6784522583e+00
9.2820000000e+00 1.7072248530e+02 1.6799021578e+00
9.2830000000e+00 1.7126735184e+02 1.6817232518e+00
9.2830000000e+00 1.7181249573e+02 1.6831666091e+00
9.2830000000e+00 1.7235791670e+02 1.6846066917e+00
9.2830000000e+00 1.7290361446e+02 1.6860435019e+00
9.2830000000e+00 1.7344958874e+02 1.6874770417e+00
9.2830000000e+00 1.7399583925e+02 1.6889073133e+00
9.2830000000e+00 1.7454236571e+02 1.6903343191e+00
9.2830000000e+00 1.7508916785e+02 1.6917580612e+00
9.2830000000e+00 1.7563624538e+02 1.6931785419e+00
9.2830000000e+00 1.7618359804e+02 1.6945957635e+00
9.2840000000e+00 1.7673122554e+02 1.6963842721e+00
9.2840000000e+00 1.7727912761e+02 1.6977949823e+00
9.2830000000e+00 1.7782730397e+02 1.6988278969e+00
9.2830000000e+00 1.7837575435e+02 1.7002321054e+00
9.2830000000e+00 1.7892447848e+02 1.7016330666e+00
9.2830000000e+00 1.7947347609e+02 1.7030307828e+00
9.2830000000e+00 1.8002274689e+02 1.7044252566e+00
9.2830000000e+00 1.8057229062e+02 1.7058164903e+00
9.2830000000e+00 1.8112210702e+02 1.7072044866e+00
9.2830000000e+00 1.8167219580e+02 1.7085892478e+00
9.2830000000e+00 1.8222255670e+02 1.7099707764e+00
9.2830000000e+00 1.8277318945e+02 1.7113490751e+00
9.2820000000e+00 1.8332409378e+02 1.7123496840e+00
9.2820000000e+00 1.8387526943e+02 1.7137215434e+00
9.2820000000e+00 1.8442671612e+02 1.7150901817e+00
9.2820000000e+00 1.8497843360e+02 1.7164556014e+00
9.2820000000e+00 1.8553042159e+02 1.7178178051e+00
9.2810000000e+00 1.8608267984e+02 1.7188024162e+00
9.2810000000e+00 1.8663520807e+02 1.7201582142e+00
9.2810000000e+00 1.8718800603e+02 1.7215108054e+00
9.2810000000e+00 1.8774107344e+02 1.7228601924e+00
9.2800000000e+00 1.8829441005e+02 1.7238320842e+00
9.2800000000e+00 1.8884801560e+02 1.7251750933e+00
9.2800000000e+00 1.8940188983e+02 1.7265149075e+00
9.2790000000e+00 1.8995603247e+02 1.7274773118e+00
9.2790000000e+00 1.9051044326e+02 1.7288107697e+00
9.2790000000e+00 1.9106512196e+02 1.7301410422e+00
9.2780000000e+00 1.9162006829e+02 1.7310939987e+00
9.2780000000e+00 1.9217528199e+02 1.7324179368e+00
9.2780000000e+00 1.9273076283e+02 1.7337386990e+00
9.2770000000e+00 1.9328651052e+02 1.7346822475e+00
9.2770000000e+00 1.9384252483e+02 1.7359966974e+00
9.2760000000e+00 1.9439880549e+02 1.7369340089e+00
9.2760000000e+00 1.9495535225e+02 1.7382421621e+00
9.2760000000e+00 1.9551216486e+02 1.7395471559e+00
9.2750000000e+00 1.9606924305e+02 1.7404751274e+00
9.2750000000e+00 1.9662658659e+02 1.7417738471e+00
9.2740000000e+00 1.9718419521e+02 1.7426956284e+00
9.2740000000e+00 1.9774206867e+02 1.7439880896e+00
9.2730000000e+00 1.9830020671e+02 1.7449036999e+00
9.2730000000e+00 1.9885860908e+02 1.7461899186e+00
9.2720000000e+00 1.9941727553e+02 1.7470993772e+00
9.2720000000e+00 1.9997620582e+02 1.7483793692e+00
9.2710000000e+00 2.0053539969e+02 1.7492826954e+00
9.2700000000e+00 2.0109485690e+02 1.7501829861e+00
9.2700000000e+00 2.0165457719e+02 1.7514536900e+00
9.2690000000e+00 2.0221456033e+02 1.7523478782e+00
9.2690000000e+00 2.0277480606e+02 1.7536123966e+00
9.2680000000e+00 2.0333531415e+02 1.7545005018e+00
9.2670000000e+00 2.0389608433e+02 1.7553855981e+00
9.2670000000e+00 2.0445711637e+02 1.7566408926e+00
9.2660000000e+00 2.0501841003e+02 1.7575199359e+00
9.2660000000e+00 2.0557996506e+02 1.7587690867e+00
9.2650000000e+00 2.0614178121e+02 1.7596420966e+00
9.2640000000e+00 2.0670385826e+02 1.7605121244e+00
9.2640000000e+00 2.0726619594e+02 1.7617521161e+00
9.2630000000e+00 2.0782879403e+02 1.7626161408e+00
9.2620000000e+00 2.0839165227e+02 1.7634771994e+00
9.2620000000e+00 2.0895477044e+02 1.7647080720e+00
9.2610000000e+00 2.0951814829e+02 1.7655631579e+00
9.2600000000e+00 2.1008178558e+02 1.7664152940e+00
9.2590000000e+00 2.1064568208e+02 1.7672644861e+00
9.2590000000e+00 2.1120983754e+02 1.7684832811e+00
9.2580000000e+00 2.1177425172e+02 1.7693265413e+00
9.2570000000e+00 2.1233892440e+02 1.7701668738e+00
9.2560000000e+00 2.1290385533e+02 1.7710042841e+00
9.2560000000e+00 2.1346904428e+02 1.7722110752e+00
9.2550000000e+00 2.1403449102e+02 1.7730425948e+00
9.2540000000e+00 2.1460019530e+02 1.7738712086e+00
9.2530000000e+00 2.1516615689e+02 1.7746969221e+00
9.2520000000e+00 2.1573237557e+02 1.7755197410e+00
9.2520000000e+00 2.1629885109e+02 1.7767116475e+00
9.2510000000e+00 2.1686558322e+02 1.7775286277e+00
9.2500000000e+00 2.1743257174e+02 1.7783427297e+00
9.2490000000e+00 2.1799981641e+02 1.7791539591e+00
9.2480000000e+00 2.1856731700e+02 1.7799623215e+00
9.2470000000e+00 2.1913507327e+02 1.7807678225e+00
9.2470000000e+00 2.1970308501e+02 1.7819420374e+00
9.2460000000e+00 2.2027135197e+02 1.7827417625e+00
9.2450000000e+00 2.2083987393e+02 1.7835386427e+00
9.2440000000e+00 2.2140865067e+02 1.7843326835e+00
9.2430000000e+00 2.2197768195e+02 1.7851238907e+00
9.2420000000e+00 2.2254696754e+02 1.7859122698e+00
9.2410000000e+00 2.2311650722e+02 1.7866978265e+00
9.2400000000e+00 2.2368630077e+02 1.7874805665e+00
9.2390000000e+00 2.2425634795e+02 1.7882604954e+00
9.2380000000e+00 2.2482664854e+02 1.7890376188e+00
9.2370000000e+00 2.2539720231e+02 1.7898119425e+00
9.2370000000e+00 2.2596800905e+02 1.7909542365e+00
9.2360000000e+00 2.2653906853e+02 1.7917229007e+00
9.2350000000e+00 2.2711038052e+02 1.7924887814e+00
9.2340000000e+00 2.2768194479e+02 1.7932518843e+00
9.2330000000e+00 2.2825376114e+02 1.7940122151e+00
9.2320000000e+00 2.2882582934e+02 1.7947697793e+00
9.2310000000e+00 2.2939814915e+02 1.7955245825e+00
9.2300000000e+00 2.2997072037e+02 1.7962766305e+00
9.2290000000e+00 2.3054354278e+02 1.7970259289e+00
9.2280000000e+00 2.3111661615e+02 1.7977724832e+00
9.2270000000e+00 2.3168994026e+02 1.7985162991e+00
9.2260000000e+00 2.3226351489e+02 1.7992573823e+00
9.2250000000e+00 2.3283733983e+02 1.7999957383e+00
9.2240000000e+00 2.3341141486e+02 1.8007313728e+00
9.2230000000e+00 2.3398573975e+02 1.8014642914e+00
9.2210000000e+00 2.3456031430e+02 1.8018249435e+00
9.2200000000e+00 2.3513513829e+02 1.8025525319e+00
9.2190000000e+00 2.3571021149e+02 1.8032774219e+00
9.2180000000e+00 2.3628553370e+02 1.8039996189e+00
9.2170000000e+00 2.3686110469e+02 1.8047191286e+00
9.2160000000e+00 2.3743692426e+02 1.8054359566e+00
9.2150000000e+00 2.3801299218e+02 1.8061501084e+00
9.2140000000e+00 2.3858930826e+02 1.8068615897e+00
9.2130000000e+00 2.3916587226e+02 1.8075704061e+00
9.2120000000e+00 2.3974268398e+02 1.8082765631e+00
9.2110000000e+00 2.4031974321e+02 1.8089800663e+00
9.2100000000e+00 2.4089704973e+02 1.8096809214e+00
9.2080000000e+00 2.4147460333e+02 1.8100106262e+00
9.2070000000e+00 2.4205240380e+02 1.8107062925e+00
9.2060000000e+00 2.4263045093e+02 1.8113993278e+00
9.2050000000e+00 2.4320874451e+02 1.8120897377e+00
9.2040000000e+00 2.4378728433e+02 1.8127775278e+00
9.2030000000e+00 2.4436607019e+02 1.8134627037e+00
9.2020000000e+00 2.4494510186e+02 1.8141452709e+00
9.2000000000e+00 2.4552437914e+02 1.8144573690e+00
9.1990000000e+00 2.4610390183e+02 1.8151348295e+00
9.1980000000e+00 2.4668366972e+02 1.8158096984e+00
9.1970000000e+00 2.4726368260e+02 1.8164819812e+00
9.1960000000e+00 2.4784394025e+02 1.8171516836e+00
9.1940000000e+00 2.4842444249e+02 1.8174514158e+00
9.1930000000e+00 2.4900518910e+02 1.8181160700e+00
9.1920000000e+00 2.4958617987e+02 1.8187781608e+00
9.1910000000e+00 2.5016741460e+02 1.8194376937e+00
9.1900000000e+00 2.5074889309e+02 1.8200946742e+00
9.1880000000e+00 2.5133061512e+02 1.8203821936e+00
9.1870000000e+00 2.5191258051e+02 1.8210341842e+00
9.1860000000e+00 2.5249478904e+02 1.8216836394e+00
9.1850000000e+00 2.5307724051e+02 1.8223305647e+00
9.1840000000e+00 2.5365993472e+02 1.8229749655e+00
9.1820000000e+00 2.5424287147e+02 1.8232504242e+00
9.1810000000e+00 2.5482605055e+02 1.8238898931e+00
9.1800000000e+00 2.5540947176e+02 1.8245268545e+00
9.1790000000e+00 2.5599313491e+02 1.8251613138e+00
9.1770000000e+00 2.5657703979e+02 1.8254272521e+00
9.1760000000e+00 2.5716118620e+02 1.8260568257e+00
9.1750000000e+00 2.5774557395e+02 1.8266839141e+00
9.1740000000e+00 2.5833020283e+02 1.8273085227e+00
9.1720000000e+00 2.5891507264e+02 1.8275650374e+00
9.1710000000e+00 2.5950018320e+02 1.8281848063e+00
9.1700000000e+00 2.6008553429e+02 1.8288021122e+00
9.1680000000e+00 2.6067112572e+02 1.8290516470e+00
9.1670000000e+00 2.6125695730e+02 1.8296641477e+00
9.1660000000e+00 2.6184302882e+02 1.8302742022e+00
9.1650000000e+00 2.6242934009e+02 1.8308818157e+00
9.1630000000e+00 2.6301589092e+02 1.8311220949e+00
9.1620000000e+00 2.6360268111e+02 1.8317249490e+00
9.1610000000e+00 2.6418971047e+02 1.8323253787e+00
9.1590000000e+00 2.6477697879e+02 1.8325588039e+00
9.1580000000e+00 2.6536448589e+02 1.8331545084e+00
9.1570000000e+00 2.6595223157e+02 1.8337478052e+00
9.1550000000e+00 2.6654021564e+02 1.8339744299e+00
9.1540000000e+00 2.6712843791e+02 1.8345630356e+00
9.1530000000e+00 2.6771689817e+02 1.8351492499e+00
9.1510000000e+00 2.6830559625e+02 1.8353691277e+00
9.1500000000e+00 2.6889453194e+02 1.8359506849e+00
9.1490000000e+00 2.6948370506e+02 1.8365298673e+00
9.1470000000e+00 2.7007311542e+02 1.8367430512e+00
9.1460000000e+00 2.7066276282e+02 1.8373176102e+00
9.1450000000e+00 2.7125264707e+02 1.8378898108e+00
9.1430000000e+00 2.7184276799e+02 1.8380963537e+00
9.1420000000e+00 2.7243312538e+02 1.8386639646e+00
9.1400000000e+00 2.7302371905e+02 1.8388661440e+00
9.1390000000e+00 2.7361454883e+02 1.8394291878e+00
9.1380000000e+00 2.7420561451e+02 1.8399899004e+00
9.1360000000e+00 2.7479691590e+02 1.8401855266e+00
9.1350000000e+00 2.7538845283e+02 1.8407417055e+00
9.1340000000e+00 2.7598022511e+02 1.8412955694e+00
9.1320000000e+00 2.7657223254e+02 1.8414846945e+00
9.1310000000e+00 2.7716447494e+02 1.8420340580e+00
9.1290000000e+00 2.7775695212e+02 1.8422189130e+00
9.1280000000e+00 2.7834966390e+02 1.8427637984e+00
9.1270000000e+00 2.7894261010e+02 1.8433063958e+00
9.1250000000e+00 2.7953579052e+02 1.8434848362e+00
9.1240000000e+00 2.8012920499e+02 1.8440229885e+00
9.1220000000e+00 2.8072285331e+02 1.8441972167e+00
9.1210000000e+00 2.8131673531e+02 1.8447309459e+00
9.1200000000e+00 2.8191085079e+02 1.8452624139e+00
9.1180000000e+00 2.8250519959e+02 1.8454303133e+00
9.1170000000e+00 2.8309978150e+02 1.8459573910e+00
9.1150000000e+00 2.8369459636e+02 1.8461211354e+00
9.1140000000e+00 2.8428964398e+02 1.8466438448e+00
9.1120000000e+00 2.8488492417e+02 1.8468034570e+00
9.1110000000e+00 2.8548043676e+02 1.8473218200e+00
9.1100000000e+00 2.8607618157e+02 1.8478379589e+00
9.1080000000e+00 2.8667215840e+02 1.8479913611e+00
9.1070000000e+00 2.8726836709e+02 1.8485031859e+00
9.1050000000e+00 2.8786480745e+02 1.8486525124e+00
9.1040000000e+00 2.8846147930e+02 1.8491600449e+00
9.1020000000e+00 2.8905838247e+02 1.8493053181e+00
9.1010000000e+00 2.8965551677e+02 1.8498085798e+00
9.0990000000e+00 2.9025288203e+02 1.8499498223e+00
9.0980000000e+00 2.9085047806e+02 1.8504488347e+00
9.0960000000e+00 2.9144830469e+02 1.8505860688e+00
9.0950000000e+00 2.9204636174e+02 1.8510808534e+00
9.0940000000e+00 2.9264464903e+02 1.8515734717e+00
9.0920000000e+00 2.9324316640e+02 1.8517046794e+00
9.0910000000e+00 2.9384191365e+02 1.8521931016e+00
9.0890000000e+00 2.9444089061e+02 1.8523203561e+00
9.0880000000e+00 2.9504009711e+02 1.8528046036e+00
9.0860000000e+00 2.9563953297e+02 1.8529279270e+00
9.0850000000e+00 2.9623919802e+02 1.8534080209e+00
9.0830000000e+00 2.9683909208e+02 1.8535274350e+00
9.0820000000e+00 2.9743921498e+02 1.8540033964e+00
9.0800000000e+00 2.9803956653e+02 1.8541189231e+00
9.0790000000e+00 2.9864014658e+02 1.8545907731e+00
9.0770000000e+00 2.9924095494e+02 1.8547024341e+00
9.0760000000e+00 2.9984199144e+02 1.8551701936e+00
9.0740000000e+00 3.0044325590e+02 1.8552780105e+00
9.0730000000e+00 3.0104474817e+02 1.8557417004e+00
9.0710000000e+00 3.0164646805e+02 1.8558456949e+00
9.0700000000e+00 3.0224841539e+02 1.8563053360e+00
9.0680000000e+00 3.0285059000e+02 1.8564055295e+00
9.0670000000e+00 3.0345299172e+02 1.8568611425e+00
9.0650000000e+00 3.0405562038e+02 1.8569575564e+00
9.0640000000e+00 3.0465847580e+02 1.8574091619e+00
9.0620000000e+00 3.0526155782e+02 1.8575018175e+00
9.0610000000e+00 3.0586486626e+02 1.8579494361e+00
9.0590000000e+00 3.0646840096e+02 1.8580383545e+00
9.0580000000e+00 3.0707216174e+02 1.8584820068e+00
9.0560000000e+00 3.0767614844e+02 1.8585672092e+00
9.0550000000e+00 3.0828036088e+02 1.8590069155e+00
9.0530000000e+00 3.0888479891e+02 1.8590884228e+00
9.0510000000e+00 3.0948946234e+02 1.8591681478e+00
9.0500000000e+00 3.1009435102e+02 1.8596020368e+00
9.0480000000e+00 3.1069946477e+02 1.8596780982e+00
9.0470000000e+00 3.1130480343e+02 1.8601080920e+00
9.0450000000e+00 3.1191036683e+02 1.8601805107e+00
9.0440000000e+00 3.1251615480e+02 1.8606066296e+00
9.0420000000e+00 3.1312216718e+02 1.8606754262e+00
9.0410000000e+00 3.1372840381e+02 1.8610976901e+00
9.0390000000e+00 3.1433486451e+02 1.8611628853e+00
9.0380000000e+00 3.1494154911e+02 1.8615813143e+00
9.0360000000e+00 3.1554845747e+02 1.8616429285e+00
9.0350000000e+00 3.1615558940e+02 1.8620575425e+00
9.0330000000e+00 3.1676294475e+02 1.8621155961e+00
9.0310000000e+00 3.1737052335e+02 1.8621719351e+00
9.0300000000e+00 3.1797832504e+02 1.8625809284e+00
9.0280000000e+00 3.1858634965e+02 1.8626337374e+00
9.0270000000e+00 3.1919459703e+02 1.8630389652e+00
9.0250000000e+00 3.1980306700e+02 1.8630882644e+00
9.0240000000e+00 3.2041175940e+02 1.8634897464e+00
9.0220000000e+00 3.2102067408e+02 1.8635355559e+00
9.0210000000e+00 3.2162981087e+02 1.8639333116e+00
9.0190000000e+00 3.2223916960e+02 1.8639756515e+00
9.0170000000e+00 3.2284875012e+02 1.8640163225e+00
9.0160000000e+00 3.2345855227e+02 1.8644085905e+00
9.0140000000e+00 3.2406857588e+02 1.8644458217e+00
9.0130000000e+00 3.2467882080e+02 1.8648344121e+00
9.0110000000e+00 3.2528928686e+02 1.8648682234e+00
9.0100000000e+00 3.2589997390e+02 1.8652531555e+00
9.0080000000e+00 3.2651088177e+02 1.8652835665e+00
9.0060000000e+00 3.2712201030e+02 1.8653123435e+00
9.0050000000e+00 3.2773335933e+02 1.8656918898e+00
9.0030000000e+00 3.2834492871e+02 1.8657172960e+00
9.0020000000e+00 3.2895671828e+02 1.8660932319e+00
9.0000000000e+00 3.2956872787e+02 1.8661152867e+00
8.9980000000e+00 3.3018095734e+02 1.8661357320e+00
8.9970000000e+00 3.3079340652e+02 1.8665063541e+00
8.9950000000e+00 3.3140607525e+02 1.8665234772e+00
8.9940000000e+00 3.3201896338e+02 1.8668905364e+00
8.9920000000e+00 3.3263207076e+02 1.8669043564e+00
8.9910000000e+00 3.3324539721e+02 1.8672678715e+00
8.9890000000e+00 3.3385894260e+02 1.8672784077e+00
8.9870000000e+00 3.3447270676e+02 1.8672873682e+00
8.9860000000e+00 3.3508668953e+02 1.8676456688e+00
8.9840000000e+00 3.3570089076e+02 1.8676513741e+00
8.9830000000e+00 3.3631531030e+02 1.8680061773e+00
8.9810000000e+00 3.3692994799e+02 1.8680086463e+00
8.9790000000e+00 3.3754480367e+02 1.8680095635e+00
8.9780000000e+00 3.3815987720e+02 1.8683592222e+00
8.9760000000e+00 3.3877516841e+02 1.8683569313e+00
8.9750000000e+00 3.3939067715e+02 1.8687031389e+00
8.9730000000e+00 3.4000640328e+02 1.8686976588e+00
8.9710000000e+00 3.4062234662e+02 1.8686906504e+00
8.9700000000e+00 3.4123850705e+02 1.8690317827e+00
8.9680000000e+00 3.4185488439e+02 1.8690216129e+00
8.9670000000e+00 3.4247147849e+02 1.8693593399e+00
8.9650000000e+00 3.4308828922e+02 1.8693460272e+00
8.9630000000e+00 3.4370531640e+02 1.8693312095e+00
8.9620000000e+00 3.4432255990e+02 1.8696639298e+00
8.9600000000e+00 3.4494001956e+02 1.8696459968e+00
8.9590000000e+00 3.4555769522e+02 1.8699753570e+00
8.9570000000e+00 3.4617558674e+02 1.8699543269e+00
8.9550000000e+00 3.4679369397e+02 1.8699318147e+00
8.9540000000e+00 3.4741201676e+02 1.8702562360e+00
8.9520000000e+00 3.4803055495e+02 1.8702306540e+00
8.9500000000e+00 3.4864930839e+02 1.8702036036e+00
8.9490000000e+00 3.4926827695e+02 1.8705231263e+00
8.9470000000e+00 3.4988746046e+02 1.8704930332e+00
8.9460000000e+00 3.5050685878e+02 1.8708092671e+00
8.9440000000e+00 3.5112647175e+02 1.8707761492e+00
8.9420000000e+00 3.5174629924e+02 1.8707415852e+00
8.9410000000e+00 3.5236634109e+02 1.8710529871e+00
8.9390000000e+00 3.5298659715e+02 1.8710154251e+00
8.9380000000e+00 3.5360706728e+02 1.8713235822e+00
8.9360000000e+00 3.5422775133e+02 1.8712830398e+00
8.9340000000e+00 3.5484864915e+02 1.8712410736e+00
8.9330000000e+00 3.5546976059e+02 1.8715444644e+00
8.9310000000e+00 3.5609108551e+02 1.8714995442e+00
8.9290000000e+00 3.5671262376e+02 1.8714532134e+00
8.9280000000e+00 3.5733437519e+02 1.8717518770e+00
8.9260000000e+00 3.5795633967e+02 1.8717026184e+00
8.9250000000e+00 3.5857851703e+02 1.8719981066e+00
8.9230000000e+00 3.5920090714e+02 1.8719459375e+00
8.9210000000e+00 3.5982350985e+02 1.8718923796e+00
8.9200000000e+00 3.6044632502e+02 1.8721832051e+00
8.9180000000e+00 3.6106935250e+02 1.8721267626e+00
8.9160000000e+00 3.6169259215e+02 1.8720689441e+00
8.9150000000e+00 3.6231604382e+02 1.8723551454e+00
8.9130000000e+00 3.6293970737e+02 1.8722944680e+00
8.9120000000e+00 3.6356358265e+02 1.8725775619e+00
8.9100000000e+00 3.6418766952e+02 1.8725140426e+00
8.9080000000e+00 3.6481196784e+02 1.8724491685e+00
8.9070000000e+00 3.6543647746e+02 1.8727277016e+00
8.9050000000e+00 3.6606119825e+02 1.8726600110e+00
8.9030000000e+00 3.6668613005e+02 1.8725909783e+00
8.9020000000e+00 3.6731127273e+02 1.8728649883e+00
8.9000000000e+00 3.6793662615e+02 1.8727931641e+00
8.8980000000e+00 3.6856219015e+02 1.8727200105e+00
8.8970000000e+00 3.6918796461e+02 1.8729895347e+00
8.8950000000e+00 3.6981394938e+02 1.8729136145e+00
8.8940000000e+00 3.7044014431e+02 1.8731801230e+00
8.8920000000e+00 3.7106654927e+02 1.8731014529e+00
8.8900000000e+00 3.7169316412e+02 1.8730214740e+00
8.8890000000e+00 3.7231998871e+02 1.8732835584e+00
8.8870000000e+00 3.7294702291e+02 1.8732008541e+00
8.8850000000e+00 3.7357426657e+02 1.8731168533e+00
