0.0000000000e+00 -3.7967462218e+01 0.0000000000e+00
0.0000000000e+00 -3.7577144107e+01 0.0000000000e+00
0.0000000000e+00 -3.7186178162e+01 0.0000000000e+00
0.0000000000e+00 -3.6794566524e+01 0.0000000000e+00
0.0000000000e+00 -3.6402311315e+01 0.0000000000e+00
0.0000000000e+00 -3.6009414640e+01 0.0000000000e+00
0.0000000000e+00 -3.5615878587e+01 0.0000000000e+00
0.0000000000e+00 -3.5221705227e+01 0.0000000000e+00
0.0000000000e+00 -3.4826896614e+01 0.0000000000e+00
0.0000000000e+00 -3.4431454785e+01 0.0000000000e+00
0.0000000000e+00 -3.4035381762e+01 0.0000000000e+00
0.0000000000e+00 -3.3638679551e+01 0.0000000000e+00
0.0000000000e+00 -3.3241350141e+01 0.0000000000e+00
0.0000000000e+00 -3.2843395505e+01 0.0000000000e+00
0.0000000000e+00 -3.2444817603e+01 0.0000000000e+00
0.0000000000e+00 -3.2045618378e+01 0.0000000000e+00
0.0000000000e+00 -3.1645799757e+01 0.0000000000e+00
0.0000000000e+00 -3.1245363654e+01 0.0000000000e+00
0.0000000000e+00 -3.0844311967e+01 0.0000000000e+00
0.0000000000e+00 -3.0442646580e+01 0.0000000000e+00
0.0000000000e+00 -3.0040369363e+01 0.0000000000e+00
0.0000000000e+00 -2.9637482172e+01 0.0000000000e+00
0.0000000000e+00 -2.9233986847e+01 0.0000000000e+00
0.0000000000e+00 -2.8829885217e+01 0.0000000000e+00
0.0000000000e+00 -2.8425179095e+01 0.0000000000e+00
0.0000000000e+00 -2.8019870282e+01 0.0000000000e+00
0.0000000000e+00 -2.7613960565e+01 0.0000000000e+00
0.0000000000e+00 -2.7207451717e+01 0.0000000000e+00
0.0000000000e+00 -2.6800345500e+01 0.0000000000e+00
0.0000000000e+00 -2.6392643662e+01 0.0000000000e+00
0.0000000000e+00 -2.5984347937e+01 0.0000000000e+00
0.0000000000e+00 -2.5575460049e+01 0.0000000000e+00
0.0000000000e+00 -2.5165981708e+01 0.0000000000e+00
0.0000000000e+00 -2.4755914611e+01 0.0000000000e+00
0.0000000000e+00 -2.4345260445e+01 0.0000000000e+00
0.0000000000e+00 -2.3934020883e+01 0.0000000000e+00
0.0000000000e+00 -2.3522197588e+01 0.0000000000e+00
0.0000000000e+00 -2.3109792208e+01 0.0000000000e+00
0.0000000000e+00 -2.2696806383e+01 0.0000000000e+00
0.0000000000e+00 -2.2283241740e+01 0.0000000000e+00
0.0000000000e+00 -2.1869099895e+01 0.0000000000e+00
0.0000000000e+00 -2.1454382451e+01 0.0000000000e+00
0.0000000000e+00 -2.1039091003e+01 0.0000000000e+00
0.0000000000e+00 -2.0623227133e+01 0.0000000000e+00
0.0000000000e+00 -2.0206792411e+01 0.0000000000e+00
0.0000000000e+00 -1.9789788400e+01 0.0000000000e+00
0.0000000000e+00 -1.9372216649e+01 0.0000000000e+00
0.0000000000e+00 -1.8954078698e+01 0.0000000000e+00
0.0000000000e+00 -1.8535376076e+01 0.0000000000e+00
0.0000000000e+00 -1.8116110302e+01 0.0000000000e+00
0.0000000000e+00 -1.7696282884e+01 0.0000000000e+00
0.0000000000e+00 -1.7275895322e+01 0.0000000000e+00
0.0000000000e+00 -1.6854949105e+01 0.0000000000e+00
0.0000000000e+00 -1.6433445710e+01 0.0000000000e+00
0.0000000000e+00 -1.6011386608e+01 0.0000000000e+00
0.0000000000e+00 -1.5588773258e+01 0.0000000000e+00
0.0000000000e+00 -1.5165607110e+01 0.0000000000e+00
0.0000000000e+00 -1.4741889604e+01 0.0000000000e+00
0.0000000000e+00 -1.4317622172e+01 0.0000000000e+00
0.0000000000e+00 -1.3892806235e+01 0.0000000000e+00
0.0000000000e+00 -1.3467443206e+01 0.0000000000e+00
0.0000000000e+00 -1.3041534489e+01 0.0000000000e+00
0.0000000000e+00 -1.2615081479e+01 0.0000000000e+00
0.0000000000e+00 -1.2188085561e+01 0.0000000000e+00
0.0000000000e+00 -1.1760548114e+01 0.0000000000e+00
0.0000000000e+00 -1.1332470504e+01 0.0000000000e+00
0.0000000000e+00 -1.0903854091e+01 0.0000000000e+00
0.0000000000e+00 -1.0474700228e+01 0.0000000000e+00
0.0000000000e+00 -1.0045010256e+01 0.0000000000e+00
0.0000000000e+00 -9.6147855111e+00 0.0000000000e+00
0.0000000000e+00 -9.1840273181e+00 0.0000000000e+00
0.0000000000e+00 -8.7527369955e+00 0.0000000000e+00
0.0000000000e+00 -8.3209158531e+00 0.0000000000e+00
0.0000000000e+00 -7.8885651927e+00 0.0000000000e+00
0.0000000000e+00 -7.4556863082e+00 0.0000000000e+00
0.0000000000e+00 -7.0222804857e+00 0.0000000000e+00
0.0000000000e+00 -6.5883490032e+00 0.0000000000e+00
0.0000000000e+00 -6.1538931314e+00 0.0000000000e+00
0.0000000000e+00 -5.7189141331e+00 0.0000000000e+00
0.0000000000e+00 -5.2834132634e+00 0.0000000000e+00
0.0000000000e+00 -4.8473917702e+00 0.0000000000e+00
0.0000000000e+00 -4.4108508937e+00 0.0000000000e+00
0.0000000000e+00 -3.9737918670e+00 0.0000000000e+00
0.0000000000e+00 -3.5362159157e+00 0.0000000000e+00
0.0000000000e+00 -3.0981242583e+00 0.0000000000e+00
0.0000000000e+00 -2.6595181060e+00 0.0000000000e+00
0.0000000000e+00 -2.2203986631e+00 0.0000000000e+00
0.0000000000e+00 -1.7807671267e+00 0.0000000000e+00
0.0000000000e+00 -1.3406246871e+00 0.0000000000e+00
0.0000000000e+00 -8.9997252765e-01 0.0000000000e+00
0.0000000000e+00 -4.5881182477e-01 0.0000000000e+00
0.0000000000e+00 -1.7143748245e-02 0.0000000000e+00
1.0130000000e+00 4.2503053888e-01 1.5099281535e-03
1.4420000000e+00 8.6770988022e-01 4.3594169679e-03
1.7660000000e+00 1.3108931260e+00 8.0170959019e-03
2.0360000000e+00 1.7545791328e+00 1.2300519343e-02
2.2710000000e+00 2.1987667639e+00 1.7092393071e-02
2.4810000000e+00 2.6434548888e+00 2.2315282458e-02
2.6730000000e+00 3.0886423836e+00 2.7944129807e-02
2.8490000000e+00 3.5343281303e+00 3.3880537871e-02
3.0130000000e+00 3.9805110174e+00 4.0128224686e-02
3.1670000000e+00 4.4271899396e+00 4.6663296860e-02
3.3120000000e+00 4.8743637976e+00 5.3441910574e-02
3.4490000000e+00 5.3220314982e+00 6.0432713011e-02
3.5790000000e+00 5.7701919542e+00 6.7617683113e-02
3.7030000000e+00 6.2188440845e+00 7.4992599257e-02
3.8220000000e+00 6.6679868138e+00 8.2567269328e-02
3.9350000000e+00 7.1176190727e+00 9.0230969038e-02
4.0440000000e+00 7.5677397974e+00 9.8070054011e-02
4.1490000000e+00 8.0183479302e+00 1.0605064002e-01
4.2500000000e+00 8.4694424189e+00 1.1413810090e-01
4.3480000000e+00 8.9210222170e+00 1.2237944212e-01
4.4420000000e+00 9.3730862837e+00 1.3066420572e-01
4.5330000000e+00 9.8256335835e+00 1.3904588656e-01
4.6210000000e+00 1.0278663087e+01 1.4749913010e-01
4.7070000000e+00 1.0732173769e+01 1.5609464331e-01
4.7900000000e+00 1.1186164612e+01 1.6471728049e-01
4.8700000000e+00 1.1640634601e+01 1.7334115201e-01
4.9480000000e+00 1.2095582728e+01 1.8204681989e-01
5.0250000000e+00 1.2551007991e+01 1.9092809437e-01
5.0990000000e+00 1.3006909392e+01 1.9975274843e-01
5.1710000000e+00 1.3463285939e+01 2.0861109728e-01
5.2410000000e+00 1.3920136643e+01 2.1748698792e-01
5.3100000000e+00 1.4377460523e+01 2.2648679159e-01
5.3760000000e+00 1.4835256602e+01 2.3535241283e-01
5.4420000000e+00 1.5293523907e+01 2.4444454955e-01
5.5050000000e+00 1.5752261472e+01 2.5337018541e-01
5.5670000000e+00 1.6211468335e+01 2.6237364650e-01
5.6280000000e+00 1.6671143537e+01 2.7144787551e-01
5.6880000000e+00 1.7131286127e+01 2.8058575235e-01
5.7460000000e+00 1.7591895157e+01 2.8963658834e-01
5.8020000000e+00 1.8052969684e+01 2.9858458721e-01
5.8580000000e+00 1.8514508771e+01 3.0771239579e-01
5.9120000000e+00 1.8976511484e+01 3.1671741057e-01
5.9660000000e+00 1.9438976894e+01 3.2589349863e-01
6.0180000000e+00 1.9901904077e+01 3.3492689787e-01
6.0690000000e+00 2.0365292114e+01 3.4396241277e-01
6.1190000000e+00 2.0829140090e+01 3.5299293154e-01
6.1680000000e+00 2.1293447095e+01 3.6201136445e-01
6.2160000000e+00 2.1758212222e+01 3.7101065076e-01
6.2630000000e+00 2.2223434571e+01 3.7998376537e-01
6.3100000000e+00 2.2689113245e+01 3.8909674513e-01
6.3550000000e+00 2.3155247351e+01 3.9799909572e-01
6.4000000000e+00 2.3621836000e+01 4.0703242976e-01
6.4430000000e+00 2.4088878309e+01 4.1583635230e-01
6.4860000000e+00 2.4556373399e+01 4.2476246444e-01
6.5280000000e+00 2.5024320393e+01 4.3362597477e-01
6.5700000000e+00 2.5492718421e+01 4.4260772729e-01
6.6100000000e+00 2.5961566616e+01 4.5132822420e-01
6.6500000000e+00 2.6430864115e+01 4.6015830571e-01
6.6890000000e+00 2.6900610059e+01 4.6890379548e-01
6.7280000000e+00 2.7370803594e+01 4.7775488389e-01
6.7660000000e+00 2.7841443869e+01 4.8651285018e-01
6.8030000000e+00 2.8312530038e+01 4.9517124278e-01
6.8400000000e+00 2.8784061258e+01 5.0392701307e-01
6.8750000000e+00 2.9256036690e+01 5.1236940199e-01
6.9110000000e+00 2.9728455501e+01 5.2110848106e-01
6.9460000000e+00 3.0201316859e+01 5.2973139248e-01
6.9800000000e+00 3.0674619937e+01 5.3823194869e-01
7.0130000000e+00 3.1148363913e+01 5.4660407520e-01
7.0460000000e+00 3.1622547968e+01 5.5505755908e-01
7.0790000000e+00 3.2097171285e+01 5.6359247550e-01
7.1110000000e+00 3.2572233055e+01 5.7198910389e-01
7.1420000000e+00 3.3047732467e+01 5.8024157391e-01
7.1730000000e+00 3.3523668720e+01 5.8856773230e-01
7.2040000000e+00 3.4000041011e+01 5.9696760477e-01
7.2340000000e+00 3.4476848545e+01 6.0521375593e-01
7.2630000000e+00 3.4954090528e+01 6.1330054413e-01
7.2920000000e+00 3.5431766171e+01 6.2145353415e-01
7.3210000000e+00 3.5909874688e+01 6.2967271343e-01
7.3490000000e+00 3.6388415295e+01 6.3772331507e-01
7.3770000000e+00 3.6867387215e+01 6.4583643369e-01
7.4040000000e+00 3.7346789672e+01 6.5377375999e-01
7.4310000000e+00 3.7826621894e+01 6.6176999922e-01
7.4580000000e+00 3.8306883113e+01 6.6982510354e-01
7.4840000000e+00 3.8787572563e+01 6.7769557663e-01
7.5100000000e+00 3.9268689483e+01 6.8562137328e-01
7.5350000000e+00 3.9750233115e+01 6.9335565783e-01
7.5600000000e+00 4.0232202703e+01 7.0114180508e-01
7.5840000000e+00 4.0714597497e+01 7.0872974181e-01
7.6090000000e+00 4.1197416747e+01 7.1661775540e-01
7.6330000000e+00 4.1680659709e+01 7.2430417512e-01
7.6560000000e+00 4.2164325642e+01 7.3178415569e-01
7.6790000000e+00 4.2648413806e+01 7.3930925061e-01
7.7020000000e+00 4.3132923466e+01 7.4687937199e-01
7.7250000000e+00 4.3617853891e+01 7.5449442729e-01
7.7470000000e+00 4.4103204351e+01 7.6189347116e-01
7.7690000000e+00 4.4588974121e+01 7.6933424165e-01
7.7900000000e+00 4.5075162478e+01 7.7655287906e-01
7.8120000000e+00 4.5561768702e+01 7.8407532571e-01
7.8320000000e+00 4.6048792077e+01 7.9110591206e-01
7.8530000000e+00 4.6536231890e+01 7.9844010489e-01
7.8740000000e+00 4.7024087430e+01 8.0581260720e-01
7.8940000000e+00 4.7512357990e+01 8.1295247386e-01
7.9130000000e+00 4.8001042865e+01 8.1985548228e-01
7.9330000000e+00 4.8490141355e+01 8.2706447227e-01
7.9520000000e+00 4.8979652761e+01 8.3403370158e-01
7.9710000000e+00 4.9469576388e+01 8.4103522147e-01
7.9900000000e+00 4.9959911542e+01 8.4806892258e-01
8.0080000000e+00 5.0450657534e+01 8.5485596231e-01
8.0270000000e+00 5.0941813679e+01 8.6195238109e-01
8.0450000000e+00 5.1433379291e+01 8.6879934734e-01
8.0620000000e+00 5.1925353689e+01 8.7539298127e-01
8.0800000000e+00 5.2417736196e+01 8.8229691830e-01
8.0970000000e+00 5.2910526137e+01 8.8894484637e-01
8.1140000000e+00 5.3403722837e+01 8.9561915659e-01
8.1310000000e+00 5.3897325629e+01 9.0231973865e-01
8.1470000000e+00 5.4391333844e+01 9.0875799179e-01
8.1640000000e+00 5.4885746818e+01 9.1550959044e-01
8.1800000000e+00 5.5380563889e+01 9.2199630571e-01
8.1960000000e+00 5.5875784400e+01 9.2850651767e-01
8.2110000000e+00 5.6371407692e+01 9.3474707810e-01
8.2270000000e+00 5.6867433114e+01 9.4130282293e-01
8.2420000000e+00 5.7363860013e+01 9.4758648505e-01
8.2570000000e+00 5.7860687741e+01 9.5389099805e-01
8.2720000000e+00 5.8357915654e+01 9.6021625577e-01
8.2870000000e+00 5.8855543107e+01 9.6656215047e-01
8.3010000000e+00 5.9353569460e+01 9.7262908254e-01
8.3150000000e+00 5.9851994075e+01 9.7871435018e-01
8.3300000000e+00 6.0350816317e+01 9.8511937663e-01
8.3430000000e+00 6.0850035552e+01 9.9093948622e-01
8.3570000000e+00 6.1349651151e+01 9.9707914839e-01
8.3710000000e+00 6.1849662485e+01 1.0032367336e+00
8.3840000000e+00 6.2350068929e+01 1.0091066306e+00
8.3970000000e+00 6.2850869860e+01 1.0149922867e+00
8.4100000000e+00 6.3352064658e+01 1.0208936045e+00
8.4230000000e+00 6.3853652704e+01 1.0268104854e+00
8.4360000000e+00 6.4355633383e+01 1.0327428300e+00
8.4480000000e+00 6.4858006082e+01 1.0383803443e+00
8.4610000000e+00 6.5360770189e+01 1.0443423786e+00
8.4730000000e+00 6.5863925097e+01 1.0500075586e+00
8.4850000000e+00 6.6367470198e+01 1.0556859856e+00
8.4970000000e+00 6.6871404890e+01 1.0613775666e+00
8.5080000000e+00 6.7375728571e+01 1.0667675882e+00
8.5200000000e+00 6.7880440641e+01 1.0724843210e+00
8.5310000000e+00 6.8385540504e+01 1.0778976056e+00
8.5430000000e+00 6.8891027566e+01 1.0836391236e+00
8.5540000000e+00 6.9396901233e+01 1.0890753168e+00
8.5650000000e+00 6.9903160917e+01 1.0945224208e+00
8.5760000000e+00 7.0409806029e+01 1.0999803487e+00
8.5860000000e+00 7.0916835983e+01 1.1051286030e+00
8.5970000000e+00 7.1424250198e+01 1.1106071090e+00
8.6070000000e+00 7.1932048090e+01 1.1157741999e+00
8.6180000000e+00 7.2440229082e+01 1.1212729439e+00
8.6280000000e+00 7.2948792596e+01 1.1264585440e+00
8.6380000000e+00 7.3457738058e+01 1.1316528990e+00
8.6480000000e+00 7.3967064896e+01 1.1368559292e+00
8.6570000000e+00 7.4476772540e+01 1.1417418205e+00
8.6670000000e+00 7.4986860420e+01 1.1469612202e+00
8.6770000000e+00 7.5497327972e+01 1.1521890568e+00
8.6860000000e+00 7.6008174631e+01 1.1570973457e+00
8.6950000000e+00 7.6519399836e+01 1.1620124895e+00
8.7040000000e+00 7.7031003026e+01 1.1669344171e+00
8.7130000000e+00 7.7542983644e+01 1.1718630569e+00
8.7220000000e+00 7.8055341134e+01 1.1767983368e+00
8.7310000000e+00 7.8568074942e+01 1.1817401846e+00
8.7400000000e+00 7.9081184518e+01 1.1866885275e+00
8.7480000000e+00 7.9594669312e+01 1.1913106751e+00
8.7570000000e+00 8.0108528775e+01 1.1962711249e+00
8.7650000000e+00 8.0622762362e+01 1.2009039489e+00
8.7740000000e+00 8.1137369531e+01 1.2058762259e+00
8.7820000000e+00 8.1652349738e+01 1.2105194601e+00
8.7900000000e+00 8.2167702445e+01 1.2151674927e+00
8.7980000000e+00 8.2683427114e+01 1.2198202600e+00
8.8050000000e+00 8.3199523208e+01 1.2241407308e+00
8.8130000000e+00 8.3715990195e+01 1.2288021733e+00
8.8210000000e+00 8.4232827542e+01 1.2334681614e+00
8.8280000000e+00 8.4750034719e+01 1.2377999051e+00
8.8360000000e+00 8.5267611198e+01 1.2424741992e+00
8.8430000000e+00 8.5785556453e+01 1.2468129800e+00
8.8500000000e+00 8.6303869960e+01 1.2511549182e+00
8.8580000000e+00 8.6822551195e+01 1.2558409201e+00
8.8650000000e+00 8.7341599638e+01 1.2601895500e+00
8.8720000000e+00 8.7861014771e+01 1.2645411689e+00
8.8780000000e+00 8.8380796076e+01 1.2685531465e+00
8.8850000000e+00 8.8900943038e+01 1.2729100466e+00
8.8920000000e+00 8.9421455144e+01 1.2772697733e+00
8.8990000000e+00 8.9942331882e+01 1.2816322708e+00
8.9050000000e+00 9.0463572742e+01 1.2856528384e+00
8.9110000000e+00 9.0985177217e+01 1.2896750646e+00
8.9180000000e+00 9.1507144799e+01 1.2940445120e+00
8.9240000000e+00 9.2029474986e+01 1.2980703945e+00
8.9300000000e+00 9.2552167273e+01 1.3020977944e+00
8.9360000000e+00 9.3075221160e+01 1.3061266656e+00
8.9420000000e+00 9.3598636148e+01 1.3101569621e+00
8.9480000000e+00 9.4122411738e+01 1.3141886375e+00
8.9540000000e+00 9.4646547436e+01 1.3182216457e+00
8.9600000000e+00 9.5171042747e+01 1.3222559404e+00
8.9660000000e+00 9.5695897178e+01 1.3262914753e+00
8.9710000000e+00 9.6221110240e+01 1.3299784184e+00
8.9770000000e+00 9.6746681442e+01 1.3340158465e+00
8.9820000000e+00 9.7272610297e+01 1.3377037331e+00
8.9880000000e+00 9.7798896320e+01 1.3417428816e+00
8.9930000000e+00 9.8325539026e+01 1.3454315513e+00
8.9980000000e+00 9.8852537933e+01 1.3491203506e+00
9.0040000000e+00 9.9379892560e+01 1.3531615394e+00
9.0090000000e+00 9.9907602427e+01 1.3568508840e+00
9.0140000000e+00 1.0043566706e+02 1.3605402440e+00
9.0190000000e+00 1.0096408598e+02 1.3642295822e+00
9.0240000000e+00 1.0149285871e+02 1.3679188615e+00
9.0290000000e+00 1.0202198478e+02 1.3716080448e+00
9.0330000000e+00 1.0255146372e+02 1.3749424596e+00
9.0380000000e+00 1.0308129505e+02 1.3786309605e+00
9.0430000000e+00 1.0361147832e+02 1.3823192573e+00
9.0470000000e+00 1.0414201305e+02 1.3856515789e+00
9.0520000000e+00 1.0467289879e+02 1.3893389860e+00
9.0560000000e+00 1.0520413505e+02 1.3926696392e+00
9.0610000000e+00 1.0573572139e+02 1.3963560205e+00
9.0650000000e+00 1.0626765735e+02 1.3996848810e+00
9.0690000000e+00 1.0679994245e+02 1.4030126339e+00
9.0740000000e+00 1.0733257626e+02 1.4066970444e+00
9.0780000000e+00 1.0786555830e+02 1.4100228214e+00
9.0820000000e+00 1.0839888813e+02 1.4133474035e+00
9.0860000000e+00 1.0893256530e+02 1.4166707628e+00
9.0900000000e+00 1.0946658934e+02 1.4199928711e+00
9.0940000000e+00 1.1000095982e+02 1.4233137005e+00
9.0980000000e+00 1.1053567628e+02 1.4266332228e+00
9.1010000000e+00 1.1107073828e+02 1.4295914094e+00
9.1050000000e+00 1.1160614536e+02 1.4329079298e+00
9.1090000000e+00 1.1214189710e+02 1.4362230624e+00
9.1130000000e+00 1.1267799303e+02 1.4395367793e+00
9.1160000000e+00 1.1321443273e+02 1.4424878783e+00
9.1200000000e+00 1.1375121575e+02 1.4457983873e+00
9.1230000000e+00 1.1428834165e+02 1.4487456686e+00
9.1270000000e+00 1.1482581000e+02 1.4520528700e+00
9.1300000000e+00 1.1536362035e+02 1.4549962445e+00
9.1330000000e+00 1.1590177228e+02 1.4579375042e+00
9.1370000000e+00 1.1644026536e+02 1.4612394182e+00
9.1400000000e+00 1.1697909915e+02 1.4641766410e+00
9.1430000000e+00 1.1751827321e+02 1.4671116879e+00
9.1460000000e+00 1.1805778713e+02 1.4700445394e+00
9.1490000000e+00 1.1859764047e+02 1.4729751762e+00
9.1520000000e+00 1.1913783281e+02 1.4759035790e+00
9.1550000000e+00 1.1967836372e+02 1.4788297286e+00
9.1580000000e+00 1.2021923278e+02 1.4817536056e+00
9.1610000000e+00 1.2076043957e+02 1.4846751911e+00
9.1640000000e+00 1.2130198366e+02 1.4875944658e+00
9.1670000000e+00 1.2184386464e+02 1.4905114108e+00
9.1700000000e+00 1.2238608209e+02 1.4934260071e+00
9.1730000000e+00 1.2292863558e+02 1.4963382359e+00
9.1750000000e+00 1.2347152472e+02 1.4988822125e+00
9.1780000000e+00 1.2401474907e+02 1.5017894301e+00
9.1800000000e+00 1.2455830823e+02 1.5043279477e+00
9.1830000000e+00 1.2510220178e+02 1.5072300890e+00
9.1860000000e+00 1.2564642932e+02 1.5101297740e+00
9.1880000000e+00 1.2619099044e+02 1.5126600919e+00
9.1900000000e+00 1.2673588472e+02 1.5151875243e+00
9.1930000000e+00 1.2728111176e+02 1.5180793193e+00
9.1950000000e+00 1.2782667116e+02 1.5206011266e+00
9.1980000000e+00 1.2837256250e+02 1.5234876526e+00
9.2000000000e+00 1.2891878539e+02 1.5260037805e+00
9.2020000000e+00 1.2946533943e+02 1.5285169617e+00
9.2040000000e+00 1.3001222421e+02 1.5310271848e+00
9.2060000000e+00 1.3055943934e+02 1.5335344388e+00
9.2090000000e+00 1.3110698441e+02 1.5364072332e+00
9.2110000000e+00 1.3165485903e+02 1.5389086805e+00
9.2130000000e+00 1.3220306280e+02 1.5414071234e+00
9.2150000000e+00 1.3275159533e+02 1.5439025507e+00
9.2170000000e+00 1.3330045623e+02 1.5463949518e+00
9.2190000000e+00 1.3384964509e+02 1.5488843156e+00
9.2210000000e+00 1.3439916154e+02 1.5513706315e+00
9.2220000000e+00 1.3494900518e+02 1.5534842555e+00
9.2240000000e+00 1.3549917562e+02 1.5559642929e+00
9.2260000000e+00 1.3604967247e+02 1.5584412526e+00
9.2280000000e+00 1.3660049536e+02 1.5609151239e+00
9.2300000000e+00 1.3715164388e+02 1.5633858965e+00
9.2310000000e+00 1.3770311766e+02 1.5654832147e+00
9.2330000000e+00 1.3825491632e+02 1.5679476184e+00
9.2350000000e+00 1.3880703946e+02 1.5704088943e+00
9.2360000000e+00 1.3935948672e+02 1.5724962920e+00
9.2380000000e+00 1.3991225771e+02 1.5749511477e+00
9.2390000000e+00 1.4046535205e+02 1.5770318597e+00
9.2410000000e+00 1.4101876937e+02 1.5794802629e+00
9.2420000000e+00 1.4157250928e+02 1.5815542648e+00
9.2440000000e+00 1.4212657142e+02 1.5839961838e+00
9.2450000000e+00 1.4268095541e+02 1.5860634516e+00
9.2460000000e+00 1.4323566087e+02 1.5881272915e+00
9.2480000000e+00 1.4379068744e+02 1.5905593651e+00
9.2490000000e+00 1.4434603473e+02 1.5926164376e+00
9.2500000000e+00 1.4490170239e+02 1.5946700684e+00
9.2520000000e+00 1.4545769005e+02 1.5970922335e+00
9.2530000000e+00 1.4601399732e+02 1.5991390645e+00
9.2540000000e+00 1.4657062386e+02 1.6011824405e+00
9.2550000000e+00 1.4712756929e+02 1.6032223578e+00
9.2560000000e+00 1.4768483324e+02 1.6052588127e+00
9.2580000000e+00 1.4824241536e+02 1.6076642572e+00
9.2590000000e+00 1.4880031529e+02 1.6096938628e+00
9.2600000000e+00 1.4935853265e+02 1.6117199933e+00
9.2610000000e+00 1.4991706709e+02 1.6137426454e+00
9.2620000000e+00 1.5047591824e+02 1.6157618156e+00
9.2630000000e+00 1.5103508576e+02 1.6177775003e+00
9.2640000000e+00 1.5159456929e+02 1.6197896964e+00
9.2650000000e+00 1.5215436846e+02 1.6217984004e+00
9.2660000000e+00 1.5271448292e+02 1.6238036091e+00
9.2670000000e+00 1.5327491232e+02 1.6258053192e+00
9.2670000000e+00 1.5383565630e+02 1.6274302829e+00
9.2680000000e+00 1.5439671451e+02 1.6294249168e+00
9.2690000000e+00 1.5495808660e+02 1.6314160445e+00
9.2700000000e+00 1.5551977222e+02 1.6334036629e+00
9.2710000000e+00 1.5608177101e+02 1.6353877691e+00
9.2710000000e+00 1.5664408264e+02 1.6369947982e+00
9.2720000000e+00 1.5720670675e+02 1.6389718095e+00
9.2730000000e+00 1.5776964299e+02 1.6409453015e+00
9.2730000000e+00 1.5833289103e+02 1.6425415442e+00
9.2740000000e+00 1.5889645051e+02 1.6445079325e+00
9.2750000000e+00 1.5946032109e+02 1.6464707948e+00
9.2750000000e+00 1.6002450242e+02 1.6480562497e+00
9.2760000000e+00 1.6058899418e+02 1.6500120002e+00
9.2760000000e+00 1.6115379601e+02 1.6515902509e+00
9.2770000000e+00 1.6171890757e+02 1.6535388855e+00
9.2770000000e+00 1.6228432853e+02 1.6551099339e+00
9.2780000000e+00 1.6285005855e+02 1.6570514491e+00
9.2780000000e+00 1.6341609729e+02 1.6586152976e+00
9.2790000000e+00 1.6398244442e+02 1.6605496899e+00
9.2790000000e+00 1.6454909959e+02 1.6621063412e+00
9.2800000000e+00 1.6511606247e+02 1.6640336078e+00
9.2800000000e+00 1.6568333274e+02 1.6655830647e+00
9.2800000000e+00 1.6625091005e+02 1.6671289134e+00
9.2810000000e+00 1.6681879408e+02 1.6690454687e+00
9.2810000000e+00 1.6738698450e+02 1.6705841293e+00
9.2810000000e+00 1.6795548097e+02 1.6721191871e+00
9.2820000000e+00 1.6852428316e+02 1.6740250304e+00
9.2820000000e+00 1.6909339075e+02 1.6755529070e+00
9.2820000000e+00 1.6966280342e+02 1.6770771861e+00
9.2820000000e+00 1.7023252082e+02 1.6785978703e+00
9.2820000000e+00 1.7080254264e+02 1.6801149618e+00
9.2830000000e+00 1.7137286856e+02 1.6820029375e+00
9.2830000000e+00 1.7194349824e+02 1.6835128624e+00
9.2830000000e+00 1.7251443137e+02 1.6850192006e+00
9.2830000000e+00 1.7308566763e+02 1.6865219546e+00
9.2830000000e+00 1.7365720668e+02 1.6880211269e+00
9.2830000000e+00 1.7422904822e+02 1.6895167202e+00
9.2830000000e+00 1.7480119192e+02 1.6910087368e+00
9.2830000000e+00 1.7537363747e+02 1.6924971795e+00
9.2830000000e+00 1.7594638453e+02 1.6939820507e+00
9.2840000000e+00 1.7651943281e+02 1.6958378968e+00
9.2840000000e+00 1.7709278198e+02 1.6973156336e+00
9.2830000000e+00 1.7766643172e+02 1.6984152628e+00
9.2830000000e+00 1.7824038173e+02 1.6998858752e+00
9.2830000000e+00 1.7881463168e+02 1.7013529297e+00
9.2830000000e+00 1.7938918127e+02 1.7028164290e+00
9.2830000000e+00 1.7996403019e+02 1.7042763760e+00
9.2830000000e+00 1.8053917811e+02 1.7057327734e+00
9.2830000000e+00 1.8111462473e+02 1.7071856241e+00
9.2830000000e+00 1.8169036975e+02 1.7086349309e+00
9.2830000000e+00 1.8226641284e+02 1.7100806969e+00
9.2830000000e+00 1.8284275371e+02 1.7115229247e+00
9.2820000000e+00 1.8341939205e+02 1.7125871572e+00
9.2820000000e+00 1.8399632755e+02 1.7140223317e+00
9.2820000000e+00 1.8457355990e+02 1.7154539781e+00
9.2820000000e+00 1.8515108879e+02 1.7168820996e+00
9.2820000000e+00 1.8572891394e+02 1.7183066991e+00
9.2810000000e+00 1.8630703502e+02 1.7193534074e+00
9.2810000000e+00 1.8688545175e+02 1.7207709916e+00
9.2810000000e+00 1.8746416381e+02 1.7221850642e+00
9.2810000000e+00 1.8804317090e+02 1.7235956284e+00
9.2800000000e+00 1.8862247273e+02 1.7246284063e+00
9.2800000000e+00 1.8920206900e+02 1.7260319867e+00
9.2800000000e+00 1.8978195941e+02 1.7274320694e+00
9.2790000000e+00 1.9036214365e+02 1.7284544577e+00
9.2790000000e+00 1.9094262143e+02 1.7298475813e+00
9.2780000000e+00 1.9152339246e+02 1.7308630797e+00
9.2780000000e+00 1.9210445644e+02 1.7322492615e+00
9.2780000000e+00 1.9268581307e+02 1.7336319639e+00
9.2770000000e+00 1.9326746206e+02 1.7346371486e+00
9.2770000000e+00 1.9384940311e+02 1.7360129343e+00
9.2760000000e+00 1.9443163594e+02 1.7370112814e+00
9.2760000000e+00 1.9501416025e+02 1.7383801682e+00
9.2750000000e+00 1.9559697575e+02 1.7393716991e+00
9.2750000000e+00 1.9618008215e+02 1.7407337046e+00
9.2740000000e+00 1.9676347916e+02 1.7417184410e+00
9.2740000000e+00 1.9734716648e+02 1.7430735829e+00
9.2730000000e+00 1.9793114384e+02 1.7440515464e+00
9.2730000000e+00 1.9851541094e+02 1.7453998429e+00
9.2720000000e+00 1.9909996750e+02 1.7463710552e+00
9.2720000000e+00 1.9968481323e+02 1.7477125243e+00
9.2710000000e+00 2.0026994784e+02 1.7486770072e+00
9.2710000000e+00 2.0085537105e+02 1.7500116670e+00
9.2700000000e+00 2.0144108257e+02 1.7509694425e+00
9.2690000000e+00 2.0202708213e+02 1.7519238976e+00
9.2690000000e+00 2.0261336943e+02 1.7532484013e+00
9.2680000000e+00 2.0319994420e+02 1.7541961827e+00
9.2680000000e+00 2.0378680616e+02 1.7555139240e+00
9.2670000000e+00 2.0437395502e+02 1.7564550539e+00
9.2660000000e+00 2.0496139050e+02 1.7573928934e+00
9.2660000000e+00 2.0554911233e+02 1.7587005517e+00
9.2650000000e+00 2.0613712023e+02 1.7596317736e+00
9.2640000000e+00 2.0672541391e+02 1.7605597234e+00
9.2640000000e+00 2.0731399310e+02 1.7618573436e+00
9.2630000000e+00 2.0790285752e+02 1.7627787100e+00
9.2620000000e+00 2.0849200691e+02 1.7636968226e+00
9.2610000000e+00 2.0908144097e+02 1.7646116878e+00
9.2610000000e+00 2.0967115944e+02 1.7658960131e+00
9.2600000000e+00 2.1026116205e+02 1.7668043412e+00
9.2590000000e+00 2.1085144852e+02 1.7677094401e+00
9.2580000000e+00 2.1144201857e+02 1.7686113163e+00
9.2580000000e+00 2.1203287194e+02 1.7698824300e+00
9.2570000000e+00 2.1262400835e+02 1.7707778155e+00
9.2560000000e+00 2.1321542753e+02 1.7716699966e+00
9.2550000000e+00 2.1380712922e+02 1.7725589797e+00
9.2540000000e+00 2.1439911314e+02 1.7734447712e+00
9.2540000000e+00 2.1499137902e+02 1.7746995045e+00
9.2530000000e+00 2.1558392660e+02 1.7755788639e+00
9.2520000000e+00 2.1617675561e+02 1.7764550502e+00
9.2510000000e+00 2.1676986578e+02 1.7773280696e+00
9.2500000000e+00 2.1736325685e+02 1.7781979287e+00
9.2490000000e+00 2.1795692854e+02 1.7790646337e+00
9.2480000000e+00 2.1855088060e+02 1.7799281910e+00
9.2470000000e+00 2.1914511276e+02 1.7807886071e+00
9.2470000000e+00 2.1973962476e+02 1.7820174533e+00
9.2460000000e+00 2.2033441632e+02 1.7828715324e+00
9.2450000000e+00 2.2092948720e+02 1.7837224887e+00
9.2440000000e+00 2.2152483713e+02 1.7845703287e+00
9.2430000000e+00 2.2212046585e+02 1.7854150586e+00
9.2420000000e+00 2.2271637309e+02 1.7862566848e+00
9.2410000000e+00 2.2331255860e+02 1.7870952138e+00
9.2400000000e+00 2.2390902211e+02 1.7879306519e+00
9.2390000000e+00 2.2450576337e+02 1.7887630055e+00
9.2380000000e+00 2.2510278213e+02 1.7895922810e+00
9.2370000000e+00 2.2570007811e+02 1.7904184848e+00
9.2360000000e+00 2.2629765107e+02 1.7912416232e+00
9.2350000000e+00 2.2689550075e+02 1.7920617027e+00
9.2340000000e+00 2.2749362689e+02 1.7928787295e+00
9.2330000000e+00 2.2809202923e+02 1.7936927101e+00
9.2320000000e+00 2.2869070753e+02 1.7945036509e+00
9.2310000000e+00 2.2928966153e+02 1.7953115583e+00
9.2300000000e+00 2.2988889097e+02 1.7961164385e+00
9.2290000000e+00 2.3048839561e+02 1.7969182980e+00
9.2280000000e+00 2.3108817518e+02 1.7977171432e+00
9.2270000000e+00 2.3168822944e+02 1.7985129803e+00
9.2260000000e+00 2.3228855813e+02 1.7993058159e+00
9.2250000000e+00 2.3288916101e+02 1.8000956562e+00
9.2230000000e+00 2.3349003783e+02 1.8005127949e+00
9.2220000000e+00 2.3409118833e+02 1.8012967516e+00
9.2210000000e+00 2.3469261227e+02 1.8020777328e+00
9.2200000000e+00 2.3529430940e+02 1.8028557448e+00
9.2190000000e+00 2.3589627947e+02 1.8036307938e+00
9.2180000000e+00 2.3649852223e+02 1.8044028864e+00
9.2170000000e+00 2.3710103743e+02 1.8051720287e+00
9.2160000000e+00 2.3770382484e+02 1.8059382272e+00
9.2140000000e+00 2.3830688420e+02 1.8063324922e+00
9.2130000000e+00 2.3891021528e+02 1.8070929144e+00
9.2120000000e+00 2.3951381781e+02 1.8078504124e+00
9.2110000000e+00 2.4011769157e+02 1.8086049923e+00
9.2100000000e+00 2.4072183631e+02 1.8093566607e+00
9.2090000000e+00 2.4132625178e+02 1.8101054238e+00
9.2080000000e+00 2.4193093774e+02 1.8108512879e+00
9.2060000000e+00 2.4253589395e+02 1.8112259183e+00
9.2050000000e+00 2.4314112018e+02 1.8119660995e+00
9.2040000000e+00 2.4374661617e+02 1.8127034012e+00
9.2030000000e+00 2.4435238169e+02 1.8134378297e+00
9.2020000000e+00 2.4495841650e+02 1.8141693914e+00
9.2000000000e+00 2.4556472036e+02 1.8145302334e+00
9.1990000000e+00 2.4617129303e+02 1.8152561788e+00
9.1980000000e+00 2.4677813428e+02 1.8159792767e+00
9.1970000000e+00 2.4738524386e+02 1.8166995334e+00
9.1950000000e+00 2.4799262154e+02 1.8170494897e+00
9.1940000000e+00 2.4860026708e+02 1.8177641835e+00
9.1930000000e+00 2.4920818025e+02 1.8184760553e+00
9.1920000000e+00 2.4981636081e+02 1.8191851116e+00
9.1900000000e+00 2.5042480852e+02 1.8195242940e+00
9.1890000000e+00 2.5103352316e+02 1.8202278403e+00
9.1880000000e+00 2.5164250448e+02 1.8209285903e+00
9.1870000000e+00 2.5225175226e+02 1.8216265503e+00
9.1850000000e+00 2.5286126626e+02 1.8219550698e+00
9.1840000000e+00 2.5347104625e+02 1.8226475727e+00
9.1830000000e+00 2.5408109200e+02 1.8233373046e+00
9.1810000000e+00 2.5469140327e+02 1.8236579248e+00
9.1800000000e+00 2.5530197984e+02 1.8243422393e+00
9.1790000000e+00 2.5591282147e+02 1.8250238021e+00
9.1770000000e+00 2.5652392794e+02 1.8253365852e+00
9.1760000000e+00 2.5713529901e+02 1.8260127701e+00
9.1750000000e+00 2.5774693446e+02 1.8266862223e+00
9.1730000000e+00 2.5835883406e+02 1.8269912307e+00
9.1720000000e+00 2.5897099757e+02 1.8276593444e+00
9.1710000000e+00 2.5958342479e+02 1.8283247444e+00
9.1690000000e+00 2.6019611546e+02 1.8286220399e+00
9.1680000000e+00 2.6080906938e+02 1.8292821407e+00
9.1670000000e+00 2.6142228631e+02 1.8299395468e+00
9.1650000000e+00 2.6203576603e+02 1.8302291910e+00
9.1640000000e+00 2.6264950832e+02 1.8308813369e+00
9.1630000000e+00 2.6326351294e+02 1.8315308070e+00
9.1610000000e+00 2.6387777968e+02 1.8318128613e+00
9.1600000000e+00 2.6449230831e+02 1.8324571101e+00
9.1590000000e+00 2.6510709861e+02 1.8330987019e+00
9.1570000000e+00 2.6572215035e+02 1.8333732273e+00
9.1560000000e+00 2.6633746332e+02 1.8340096366e+00
9.1540000000e+00 2.6695303729e+02 1.8342792121e+00
9.1530000000e+00 2.6756887204e+02 1.8349104649e+00
9.1520000000e+00 2.6818496736e+02 1.8355390922e+00
9.1500000000e+00 2.6880132301e+02 1.8358012401e+00
9.1490000000e+00 2.6941793878e+02 1.8364247494e+00
9.1470000000e+00 2.7003481446e+02 1.8366820151e+00
9.1460000000e+00 2.7065194982e+02 1.8373004322e+00
9.1450000000e+00 2.7126934464e+02 1.8379162549e+00
9.1430000000e+00 2.7188699871e+02 1.8381661935e+00
9.1420000000e+00 2.7250491180e+02 1.8387769623e+00
9.1400000000e+00 2.7312308371e+02 1.8390220860e+00
9.1390000000e+00 2.7374151422e+02 1.8396278265e+00
9.1370000000e+00 2.7436020310e+02 1.8398681619e+00
9.1360000000e+00 2.7497915015e+02 1.8404688996e+00
9.1340000000e+00 2.7559835514e+02 1.8407044736e+00
9.1330000000e+00 2.7621781787e+02 1.8413002341e+00
9.1320000000e+00 2.7683753812e+02 1.8418934558e+00
9.1300000000e+00 2.7745751567e+02 1.8421218817e+00
9.1290000000e+00 2.7807775032e+02 1.8427101639e+00
9.1270000000e+00 2.7869824184e+02 1.8429338943e+00
9.1260000000e+00 2.7931899003e+02 1.8435172622e+00
9.1240000000e+00 2.7993999468e+02 1.8437363236e+00
9.1230000000e+00 2.8056125557e+02 1.8443148024e+00
9.1210000000e+00 2.8118277249e+02 1.8445292209e+00
9.1200000000e+00 2.8180454523e+02 1.8451028357e+00
9.1180000000e+00 2.8242657358e+02 1.8453126376e+00
9.1170000000e+00 2.8304885734e+02 1.8458814133e+00
9.1150000000e+00 2.8367139628e+02 1.8460866246e+00
9.1140000000e+00 2.8429419021e+02 1.8466505863e+00
9.1120000000e+00 2.8491723891e+02 1.8468512329e+00
9.1110000000e+00 2.8554054217e+02 1.8474104054e+00
9.1090000000e+00 2.8616409980e+02 1.8476065132e+00
9.1080000000e+00 2.8678791157e+02 1.8481609211e+00
9.1060000000e+00 2.8741197729e+02 1.8483525158e+00
9.1050000000e+00 2.8803629674e+02 1.8489021840e+00
9.1030000000e+00 2.8866086973e+02 1.8490892913e+00
9.1020000000e+00 2.8928569604e+02 1.8496342443e+00
9.1000000000e+00 2.8991077547e+02 1.8498168896e+00
9.0990000000e+00 2.9053610781e+02 1.8503571519e+00
9.0970000000e+00 2.9116169287e+02 1.8505353608e+00
9.0960000000e+00 2.9178753043e+02 1.8510709568e+00
9.0940000000e+00 2.9241362029e+02 1.8512447545e+00
9.0930000000e+00 2.9303996226e+02 1.8517757086e+00
9.0910000000e+00 2.9366655612e+02 1.8519451204e+00
9.0890000000e+00 2.9429340168e+02 1.8521124072e+00
9.0880000000e+00 2.9492049873e+02 1.8526365077e+00
9.0860000000e+00 2.9554784707e+02 1.8527994464e+00
9.0850000000e+00 2.9617544650e+02 1.8533189657e+00
9.0830000000e+00 2.9680329682e+02 1.8534775813e+00
9.0820000000e+00 2.9743139782e+02 1.8539925433e+00
9.0800000000e+00 2.9805974932e+02 1.8541468607e+00
9.0790000000e+00 2.9868835111e+02 1.8546572894e+00
9.0770000000e+00 2.9931720299e+02 1.8548073332e+00
9.0750000000e+00 2.9994630476e+02 1.8549553089e+00
9.0740000000e+00 3.0057565622e+02 1.8554590474e+00
9.0720000000e+00 3.0120525718e+02 1.8556027867e+00
9.0710000000e+00 3.0183510743e+02 1.8561020516e+00
9.0690000000e+00 3.0246520679e+02 1.8562415789e+00
9.0680000000e+00 3.0309555505e+02 1.8567363939e+00
9.0660000000e+00 3.0372615201e+02 1.8568717337e+00
9.0640000000e+00 3.0435699749e+02 1.8570050487e+00
9.0630000000e+00 3.0498809128e+02 1.8574932987e+00
9.0610000000e+00 3.0561943319e+02 1.8576224627e+00
9.0600000000e+00 3.0625102303e+02 1.8581063216e+00
9.0580000000e+00 3.0688286060e+02 1.8582313587e+00
9.0560000000e+00 3.0751494571e+02 1.8583544017e+00
9.0550000000e+00 3.0814727816e+02 1.8588317841e+00
9.0530000000e+00 3.0877985776e+02 1.8589507363e+00
9.0520000000e+00 3.0941268431e+02 1.8594237859e+00
9.0500000000e+00 3.1004575763e+02 1.8595386712e+00
9.0480000000e+00 3.1067907752e+02 1.8596515926e+00
9.0470000000e+00 3.1131264380e+02 1.8601182532e+00
9.0450000000e+00 3.1194645626e+02 1.8602271434e+00
9.0440000000e+00 3.1258051471e+02 1.8606895290e+00
9.0420000000e+00 3.1321481898e+02 1.8607944115e+00
9.0400000000e+00 3.1384936886e+02 1.8608973601e+00
9.0390000000e+00 3.1448416417e+02 1.8613534434e+00
9.0370000000e+00 3.1511920471e+02 1.8614524197e+00
9.0360000000e+00 3.1575449030e+02 1.8619042851e+00
9.0340000000e+00 3.1639002075e+02 1.8619993124e+00
9.0320000000e+00 3.1702579588e+02 1.8620924352e+00
9.0310000000e+00 3.1766181548e+02 1.8625380841e+00
9.0290000000e+00 3.1829807937e+02 1.8626272928e+00
9.0270000000e+00 3.1893458738e+02 1.8627146146e+00
9.0260000000e+00 3.1957133930e+02 1.8631540981e+00
9.0240000000e+00 3.2020833496e+02 1.8632375405e+00
9.0230000000e+00 3.2084557416e+02 1.8636728965e+00
9.0210000000e+00 3.2148305672e+02 1.8637524824e+00
9.0190000000e+00 3.2212078246e+02 1.8638302103e+00
9.0180000000e+00 3.2275875119e+02 1.8642594852e+00
9.0160000000e+00 3.2339696272e+02 1.8643333908e+00
9.0140000000e+00 3.2403541687e+02 1.8644054558e+00
9.0130000000e+00 3.2467411346e+02 1.8648286999e+00
9.0110000000e+00 3.2531305229e+02 1.8648969765e+00
9.0090000000e+00 3.2595223320e+02 1.8649634296e+00
9.0080000000e+00 3.2659165599e+02 1.8653806928e+00
9.0060000000e+00 3.2723132049e+02 1.8654433914e+00
9.0040000000e+00 3.2787122650e+02 1.8655042832e+00
9.0030000000e+00 3.2851137385e+02 1.8659156152e+00
9.0010000000e+00 3.2915176236e+02 1.8659727861e+00
8.9990000000e+00 3.2979239184e+02 1.8660281672e+00
8.9980000000e+00 3.3043326211e+02 1.8664336172e+00
8.9960000000e+00 3.3107437300e+02 1.8664853106e+00
8.9950000000e+00 3.3171572431e+02 1.8668868201e+00
8.9930000000e+00 3.3235731588e+02 1.8669348479e+00
8.9910000000e+00 3.3299914752e+02 1.8669811135e+00
8.9900000000e+00 3.3364121906e+02 1.8673768223e+00
8.9880000000e+00 3.3428353030e+02 1.8674194552e+00
8.9860000000e+00 3.3492608108e+02 1.8674603424e+00
8.9850000000e+00 3.3556887122e+02 1.8678502989e+00
8.9830000000e+00 3.3621190053e+02 1.8678875860e+00
8.9810000000e+00 3.3685516884e+02 1.8679231439e+00
8.9800000000e+00 3.3749867598e+02 1.8683073962e+00
8.9780000000e+00 3.3814242176e+02 1.8683393863e+00
8.9760000000e+00 3.3878640601e+02 1.8683696635e+00
8.9740000000e+00 3.3943062856e+02 1.8683982330e+00
8.9730000000e+00 3.4007508921e+02 1.8687750009e+00
8.9710000000e+00 3.4071978781e+02 1.8688000455e+00
8.9690000000e+00 3.4136472417e+02 1.8688233987e+00
8.9680000000e+00 3.4200989813e+02 1.8691945734e+00
8.9660000000e+00 3.4265530949e+02 1.8692144335e+00
8.9640000000e+00 3.4330095810e+02 1.8692326181e+00
8.9630000000e+00 3.4394684377e+02 1.8695982466e+00
8.9610000000e+00 3.4459296634e+02 1.8696129698e+00
8.9590000000e+00 3.4523932562e+02 1.8696260331e+00
8.9580000000e+00 3.4588592145e+02 1.8699861622e+00
8.9560000000e+00 3.4653275365e+02 1.8699957955e+00
8.9540000000e+00 3.4717982205e+02 1.8700037848e+00
8.9530000000e+00 3.4782712648e+02 1.8703584606e+00
8.9510000000e+00 3.4847466676e+02 1.8703630510e+00
8.9490000000e+00 3.4912244272e+02 1.8703660129e+00
8.9480000000e+00 3.4977045420e+02 1.8707152816e+00
8.9460000000e+00 3.5041870102e+02 1.8707148755e+00
8.9440000000e+00 3.5106718301e+02 1.8707128563e+00
8.9420000000e+00 3.5171590000e+02 1.8707092293e+00
8.9410000000e+00 3.5236485182e+02 1.8710514070e+00
8.9390000000e+00 3.5301403829e+02 1.8710444528e+00
8.9370000000e+00 3.5366345926e+02 1.8710359060e+00
8.9360000000e+00 3.5431311455e+02 1.8713727828e+00
8.9340000000e+00 3.5496300399e+02 1.8713609392e+00
8.9320000000e+00 3.5561312742e+02 1.8713475181e+00
8.9310000000e+00 3.5626348466e+02 1.8716791388e+00
8.9290000000e+00 3.5691407555e+02 1.8716624511e+00
8.9270000000e+00 3.5756489992e+02 1.8716442009e+00
8.9260000000e+00 3.5821595760e+02 1.8719706102e+00
8.9240000000e+00 3.5886724842e+02 1.8719491232e+00
8.9220000000e+00 3.5951877223e+02 1.8719260888e+00
8.9200000000e+00 3.6017052884e+02 1.8719015118e+00
8.9190000000e+00 3.6082251810e+02 1.8722210893e+00
8.9170000000e+00 3.6147473984e+02 1.8721933151e+00
8.9150000000e+00 3.6212719390e+02 1.8721640130e+00
8.9140000000e+00 3.6277988010e+02 1.8724784820e+00
8.9120000000e+00 3.6343279829e+02 1.8724460121e+00
8.9100000000e+00 3.6408594830e+02 1.8724120289e+00
8.9080000000e+00 3.6473932996e+02 1.8723765375e+00
8.9070000000e+00 3.6539294311e+02 1.8726843110e+00
8.9050000000e+00 3.6604678759e+02 1.8726456905e+00
8.9030000000e+00 3.6670086323e+02 1.8726055760e+00
8.9020000000e+00 3.6735516987e+02 1.8729083423e+00
8.9000000000e+00 3.6800970735e+02 1.8728651275e+00
8.8980000000e+00 3.6866447550e+02 1.8728204334e+00
8.8970000000e+00 3.6931947416e+02 1.8731182350e+00
8.8950000000e+00 3.6997470318e+02 1.8730704691e+00
8.8930000000e+00 3.7063016238e+02 1.8730212380e+00
8.8910000000e+00 3.7128585160e+02 1.8729705463e+00
8.8900000000e+00 3.7194177069e+02 1.8732618431e+00
8.8880000000e+00 3.7259791949e+02 1.8732081175e+00
8.8860000000e+00 3.7325429783e+02 1.8731529455e+00
8.8850000000e+00 3.7391090555e+02 1.8734393764e+00
8.8830000000e+00 3.7456774249e+02 1.8733811985e+00
8.8810000000e+00 3.7522480850e+02 1.8733215881e+00
8.8790000000e+00 3.7588210341e+02 1.8732605499e+00
8.8780000000e+00 3.7653962706e+02 1.8735406065e+00
8.8760000000e+00 3.7719737930e+02 1.8734765995e+00
8.8740000000e+00 3.7785535996e+02 1.8734111785e+00
8.8730000000e+00 3.7851356889e+02 1.8736864663e+00
8.8710000000e+00 3.7917200593e+02 1.8736181040e+00
8.8690000000e+00 3.7983067092e+02 1.8735483414e+00
8.8670000000e+00 3.8048956370e+02 1.8734771830e+00
8.8660000000e+00 3.8114868412e+02 1.8737462248e+00
8.8640000000e+00 3.8180803202e+02 1.8736721615e+00
8.8620000000e+00 3.8246760725e+02 1.8735967160e+00
8.8610000000e+00 3.8312740963e+02 1.8738610842e+00
8.8590000000e+00 3.8378743903e+02 1.8737827608e+00
8.8570000000e+00 3.8444769528e+02 1.8737030686e+00
8.8550000000e+00 3.8510817823e+02 1.8736220121e+00
8.8540000000e+00 3.8576888772e+02 1.8738802604e+00
8.8520000000e+00 3.8642982359e+02 1.8737963616e+00
8.8500000000e+00 3.8709098570e+02 1.8737111119e+00
8.8480000000e+00 3.8775237389e+02 1.8736245155e+00
8.8470000000e+00 3.8841398799e+02 1.8738767148e+00
8.8450000000e+00 3.8907582787e+02 1.8737873114e+00
8.8430000000e+00 3.8973789336e+02 1.8736965745e+00
8.8420000000e+00 3.9040018431e+02 1.8739442467e+00
8.8400000000e+00 3.9106270057e+02 1.8738507292e+00
8.8380000000e+00 3.9172544198e+02 1.8737558911e+00
8.8360000000e+00 3.9238840840e+02 1.8736597369e+00
8.8350000000e+00 3.9305159966e+02 1.8739014827e+00
8.8330000000e+00 3.9371501562e+02 1.8738025823e+00
8.8310000000e+00 3.9437865612e+02 1.8737023787e+00
8.8300000000e+00 3.9504252102e+02 1.8739396884e+00
8.8280000000e+00 3.9570661015e+02 1.8738367644e+00
8.8260000000e+00 3.9637092338e+02 1.8737325499e+00
8.8240000000e+00 3.9703546054e+02 1.8736270491e+00
8.8230000000e+00 3.9770022149e+02 1.8738585526e+00
8.8210000000e+00 3.9836520608e+02 1.8737503654e+00
8.8190000000e+00 3.9903041416e+02 1.8736409045e+00
8.8170000000e+00 3.9969584557e+02 1.8735301740e+00
8.8160000000e+00 4.0036150017e+02 1.8737559392e+00
8.8140000000e+00 4.0102737781e+02 1.8736425560e+00
8.8120000000e+00 4.0169347833e+02 1.8735279157e+00
8.8110000000e+00 4.0235980160e+02 1.8737493845e+00
8.8090000000e+00 4.0302634745e+02 1.8736321164e+00
