0.0000000000e+00 -1.6623034245e+01 0.0000000000e+00
0.0000000000e+00 -1.6232716133e+01 0.0000000000e+00
0.0000000000e+00 -1.5841750188e+01 0.0000000000e+00
0.0000000000e+00 -1.5450138550e+01 0.0000000000e+00
0.0000000000e+00 -1.5057883342e+01 0.0000000000e+00
0.0000000000e+00 -1.4664986667e+01 0.0000000000e+00
0.0000000000e+00 -1.4271450614e+01 0.0000000000e+00
0.0000000000e+00 -1.3877277254e+01 0.0000000000e+00
0.0000000000e+00 -1.3482468640e+01 0.0000000000e+00
0.0000000000e+00 -1.3087026812e+01 0.0000000000e+00
0.0000000000e+00 -1.2690953789e+01 0.0000000000e+00
0.0000000000e+00 -1.2294251578e+01 0.0000000000e+00
0.0000000000e+00 -1.1896922167e+01 0.0000000000e+00
0.0000000000e+00 -1.1498967532e+01 0.0000000000e+00
0.0000000000e+00 -1.1100389630e+01 0.0000000000e+00
0.0000000000e+00 -1.0701190404e+01 0.0000000000e+00
0.0000000000e+00 -1.0301371784e+01 0.0000000000e+00
0.0000000000e+00 -9.9009356804e+00 0.0000000000e+00
0.0000000000e+00 -9.4998839935e+00 0.0000000000e+00
0.0000000000e+00 -9.0982186069e+00 0.0000000000e+00
0.0000000000e+00 -8.6959413901e+00 0.0000000000e+00
0.0000000000e+00 -8.2930541987e+00 0.0000000000e+00
0.0000000000e+00 -7.8895588741e+00 0.0000000000e+00
0.0000000000e+00 -7.4854572439e+00 0.0000000000e+00
0.0000000000e+00 -7.0807511219e+00 0.0000000000e+00
0.0000000000e+00 -6.6754423088e+00 0.0000000000e+00
0.0000000000e+00 -6.2695325915e+00 0.0000000000e+00
0.0000000000e+00 -5.8630237439e+00 0.0000000000e+00
0.0000000000e+00 -5.4559175269e+00 0.0000000000e+00
0.0000000000e+00 -5.0482156886e+00 0.0000000000e+00
0.0000000000e+00 -4.6399199640e+00 0.0000000000e+00
0.0000000000e+00 -4.2310320760e+00 0.0000000000e+00
0.0000000000e+00 -3.8215537347e+00 0.0000000000e+00
0.0000000000e+00 -3.4114866381e+00 0.0000000000e+00
0.0000000000e+00 -3.0008324720e+00 0.0000000000e+00
0.0000000000e+00 -2.5895929101e+00 0.0000000000e+00
0.0000000000e+00 -2.1777696143e+00 0.0000000000e+00
0.0000000000e+00 -1.7653642347e+00 0.0000000000e+00
0.0000000000e+00 -1.3523784099e+00 0.0000000000e+00
0.0000000000e+00 -9.3881376693e-01 0.0000000000e+00
0.0000000000e+00 -5.2467192147e-01 0.0000000000e+00
0.0000000000e+00 -1.0995447798e-01 0.0000000000e+00
1.1030000000e+00 3.0533697017e-01 1.5175677919e-03
1.6870000000e+00 7.2120084060e-01 5.4360323262e-03
2.1100000000e+00 1.1376355618e+00 1.0651818812e-02
2.4560000000e+00 1.5546395730e+00 1.6824222133e-02
2.7540000000e+00 1.9722113240e+00 2.3759155892e-02
3.0190000000e+00 2.3903492753e+00 3.1349027935e-02
3.2600000000e+00 2.8090518974e+00 3.9535053666e-02
3.4800000000e+00 3.2283176716e+00 4.8169202265e-02
3.6840000000e+00 3.6481450890e+00 5.7239160012e-02
3.8750000000e+00 4.0685326508e+00 6.6719036154e-02
4.0540000000e+00 4.4894788684e+00 7.6522348836e-02
4.2230000000e+00 4.9109822628e+00 8.6636735338e-02
4.3830000000e+00 5.3330413648e+00 9.7018688554e-02
4.5350000000e+00 5.7556547150e+00 1.0764037511e-01
4.6800000000e+00 6.1788208633e+00 1.1849010593e-01
4.8180000000e+00 6.6025383692e+00 1.2949395480e-01
4.9510000000e+00 7.0268058017e+00 1.4074273102e-01
5.0780000000e+00 7.4516217386e+00 1.5209930653e-01
5.2010000000e+00 7.8769847673e+00 1.6368313719e-01
5.3190000000e+00 8.3028934841e+00 1.7535975125e-01
5.4320000000e+00 8.7293464942e+00 1.8707726015e-01
5.5420000000e+00 9.1563424118e+00 1.9899154192e-01
5.6480000000e+00 9.5838798598e+00 2.1096674290e-01
5.7500000000e+00 1.0011957470e+01 2.2296261035e-01
5.8490000000e+00 1.0440573882e+01 2.3505469772e-01
5.9450000000e+00 1.0869727745e+01 2.4721437452e-01
6.0390000000e+00 1.1299417717e+01 2.5953630106e-01
6.1290000000e+00 1.1729642462e+01 2.7174858079e-01
6.2170000000e+00 1.2160400655e+01 2.8407291803e-01
6.3020000000e+00 1.2591690978e+01 2.9635709382e-01
6.3850000000e+00 1.3023512120e+01 3.0871046262e-01
6.4660000000e+00 1.3455862781e+01 3.2111514063e-01
6.5450000000e+00 1.3888741665e+01 3.3355319919e-01
6.6220000000e+00 1.4322147488e+01 3.4600670041e-01
6.6960000000e+00 1.4756078970e+01 3.5830596453e-01
6.7690000000e+00 1.5190534842e+01 3.7073334539e-01
6.8400000000e+00 1.5625513840e+01 3.8312269070e-01
6.9090000000e+00 1.6061014710e+01 3.9545635631e-01
6.9770000000e+00 1.6497036203e+01 4.0788157208e-01
7.0430000000e+00 1.6933577080e+01 4.2022251241e-01
7.1070000000e+00 1.7370636106e+01 4.3246186718e-01
7.1700000000e+00 1.7808212058e+01 4.4475651244e-01
7.2310000000e+00 1.8246303715e+01 4.5692154403e-01
7.2910000000e+00 1.8684909867e+01 4.6912006687e-01
7.3500000000e+00 1.9124029310e+01 4.8134421269e-01
7.4080000000e+00 1.9563660847e+01 4.9358611257e-01
7.4640000000e+00 2.0003803286e+01 5.0564933590e-01
7.5190000000e+00 2.0444455446e+01 5.1770898413e-01
7.5730000000e+00 2.0885616149e+01 5.2975732745e-01
7.6250000000e+00 2.1327284225e+01 5.4158987205e-01
7.6770000000e+00 2.1769458512e+01 5.5358985925e-01
7.7280000000e+00 2.2212137854e+01 5.6555560068e-01
7.7770000000e+00 2.2655321099e+01 5.7727481578e-01
7.8260000000e+00 2.3099007106e+01 5.8914684137e-01
7.8730000000e+00 2.3543194737e+01 6.0075233318e-01
7.9200000000e+00 2.3987882862e+01 6.1250100011e-01
7.9650000000e+00 2.4433070357e+01 6.2396354426e-01
8.0100000000e+00 2.4878756104e+01 6.3555976745e-01
8.0540000000e+00 2.5324938991e+01 6.4707025242e-01
8.0970000000e+00 2.5771617913e+01 6.5848793136e-01
8.1390000000e+00 2.6218791771e+01 6.6980582581e-01
8.1810000000e+00 2.6666459471e+01 6.8124353483e-01
8.2210000000e+00 2.7114619928e+01 6.9234353043e-01
8.2610000000e+00 2.7563272058e+01 7.0355428129e-01
8.3000000000e+00 2.8012414787e+01 7.1464259418e-01
8.3390000000e+00 2.8462047046e+01 7.2583718266e-01
8.3760000000e+00 2.8912167771e+01 7.3666302191e-01
8.4130000000e+00 2.9362775903e+01 7.4758642245e-01
8.4500000000e+00 2.9813870392e+01 7.5860729369e-01
8.4850000000e+00 3.0265450190e+01 7.6923812539e-01
8.5200000000e+00 3.0717514257e+01 7.7995797243e-01
8.5550000000e+00 3.1170061557e+01 7.9076670623e-01
8.5880000000e+00 3.1623091060e+01 8.0116487231e-01
8.6220000000e+00 3.2076601742e+01 8.1189531857e-01
8.6540000000e+00 3.2530592585e+01 8.2220320910e-01
8.6860000000e+00 3.2985062574e+01 8.3258769405e-01
8.7180000000e+00 3.3440010702e+01 8.4304860054e-01
8.7490000000e+00 3.3895435965e+01 8.5332667764e-01
8.7790000000e+00 3.4351337366e+01 8.6341624663e-01
8.8090000000e+00 3.4807713912e+01 8.7357435595e-01
8.8380000000e+00 3.5264564616e+01 8.8353643474e-01
8.8670000000e+00 3.5721888496e+01 8.9356313952e-01
8.8950000000e+00 3.6179684575e+01 9.0338646696e-01
8.9230000000e+00 3.6637951881e+01 9.1327058810e-01
8.9510000000e+00 3.7096689446e+01 9.2321529185e-01
8.9780000000e+00 3.7555896308e+01 9.3294755624e-01
9.0040000000e+00 3.8015571510e+01 9.4246225582e-01
9.0300000000e+00 3.8475714100e+01 9.5203034669e-01
9.0560000000e+00 3.8936323130e+01 9.6165161230e-01
9.0810000000e+00 3.9397397658e+01 9.7104672560e-01
9.1060000000e+00 3.9858936744e+01 9.8049145213e-01
9.1300000000e+00 4.0320939457e+01 9.8970344308e-01
9.1540000000e+00 4.0783404867e+01 9.9896158711e-01
9.1780000000e+00 4.1246332050e+01 1.0082656637e+00
9.2010000000e+00 4.1709720087e+01 1.0173289228e+00
9.2240000000e+00 4.2173568063e+01 1.0264347577e+00
9.2460000000e+00 4.2637875068e+01 1.0352936082e+00
9.2680000000e+00 4.3102640195e+01 1.0441917860e+00
9.2900000000e+00 4.3567862545e+01 1.0531290748e+00
9.3110000000e+00 4.4033541218e+01 1.0618118301e+00
9.3320000000e+00 4.4499675324e+01 1.0705305602e+00
9.3530000000e+00 4.4966263973e+01 1.0792850512e+00
9.3730000000e+00 4.5433306283e+01 1.0877777403e+00
9.3930000000e+00 4.5900801372e+01 1.0963031704e+00
9.4130000000e+00 4.6368748367e+01 1.1048611321e+00
9.4320000000e+00 4.6837146395e+01 1.1131503097e+00
9.4510000000e+00 4.7305994590e+01 1.1214691184e+00
9.4700000000e+00 4.7775292089e+01 1.1298173550e+00
9.4890000000e+00 4.8245038033e+01 1.1381948128e+00
9.5070000000e+00 4.8715231568e+01 1.1462953851e+00
9.5250000000e+00 4.9185871843e+01 1.1544224058e+00
9.5420000000e+00 4.9656958011e+01 1.1622675086e+00
9.5600000000e+00 5.0128489231e+01 1.1704456816e+00
9.5770000000e+00 5.0600464664e+01 1.1783392888e+00
9.5940000000e+00 5.1072883474e+01 1.1862563082e+00
9.6100000000e+00 5.1545744832e+01 1.1938839796e+00
9.6260000000e+00 5.2019047911e+01 1.2015325415e+00
9.6420000000e+00 5.2492791887e+01 1.2092018141e+00
9.6580000000e+00 5.2966975941e+01 1.2168916162e+00
9.6740000000e+00 5.3441599259e+01 1.2246017642e+00
9.6890000000e+00 5.3916661028e+01 1.2320143484e+00
9.7040000000e+00 5.4392160441e+01 1.2394448986e+00
9.7190000000e+00 5.4868096693e+01 1.2468932429e+00
9.7330000000e+00 5.5344468985e+01 1.2540385777e+00
9.7480000000e+00 5.5821276519e+01 1.2615210184e+00
9.7620000000e+00 5.6298518502e+01 1.2686982058e+00
9.7760000000e+00 5.6776194144e+01 1.2758906083e+00
9.7900000000e+00 5.7254302661e+01 1.2830980634e+00
9.8030000000e+00 5.7732843268e+01 1.2899951618e+00
9.8160000000e+00 5.8211815189e+01 1.2969052052e+00
9.8290000000e+00 5.8691217645e+01 1.3038280435e+00
9.8420000000e+00 5.9171049868e+01 1.3107635259e+00
9.8550000000e+00 5.9651311086e+01 1.3177115003e+00
9.8670000000e+00 6.0132000536e+01 1.3243422971e+00
9.8800000000e+00 6.0613117456e+01 1.3313139508e+00
9.8920000000e+00 6.1094661088e+01 1.3379664730e+00
9.9040000000e+00 6.1576630676e+01 1.3446292409e+00
9.9150000000e+00 6.2059025470e+01 1.3509693848e+00
9.9270000000e+00 6.2541844720e+01 1.3576514327e+00
9.9380000000e+00 6.3025087683e+01 1.3640090379e+00
9.9490000000e+00 6.3508753615e+01 1.3703748031e+00
9.9600000000e+00 6.3992841779e+01 1.3767486011e+00
9.9710000000e+00 6.4477351440e+01 1.3831303042e+00
9.9820000000e+00 6.4962281864e+01 1.3895197842e+00
9.9920000000e+00 6.5447632324e+01 1.3955789929e+00
1.0003000000e+01 6.5933402094e+01 1.4019829189e+00
1.0013000000e+01 6.6419590451e+01 1.4080549158e+00
1.0023000000e+01 6.6906196675e+01 1.4141327878e+00
1.0033000000e+01 6.7393220050e+01 1.4202164199e+00
1.0043000000e+01 6.7880659863e+01 1.4263056963e+00
1.0052000000e+01 6.8368515403e+01 1.4320585257e+00
1.0061000000e+01 6.8856785963e+01 1.4378154814e+00
1.0071000000e+01 6.9345470839e+01 1.4439196873e+00
1.0080000000e+01 6.9834569329e+01 1.4496852081e+00
1.0089000000e+01 7.0324080734e+01 1.4554545446e+00
1.0098000000e+01 7.0814004361e+01 1.4612275942e+00
1.0106000000e+01 7.1304339515e+01 1.4666585868e+00
1.0115000000e+01 7.1795085508e+01 1.4724381563e+00
1.0123000000e+01 7.2286241652e+01 1.4778743057e+00
1.0132000000e+01 7.2777807264e+01 1.4836600024e+00
1.0140000000e+01 7.3269781662e+01 1.4891009346e+00
1.0148000000e+01 7.3762164170e+01 1.4945438426e+00
1.0156000000e+01 7.4254954110e+01 1.4999886371e+00
1.0163000000e+01 7.4748150811e+01 1.5050856502e+00
1.0171000000e+01 7.5241753602e+01 1.5105334140e+00
1.0178000000e+01 7.5735761817e+01 1.5156321837e+00
1.0186000000e+01 7.6230174791e+01 1.5210825774e+00
1.0193000000e+01 7.6724991863e+01 1.5261827821e+00
1.0200000000e+01 7.7220212373e+01 1.5312833392e+00
1.0207000000e+01 7.7715835666e+01 1.5363841725e+00
1.0214000000e+01 7.8211861087e+01 1.5414852061e+00
1.0221000000e+01 7.8708287986e+01 1.5465863640e+00
1.0228000000e+01 7.9205115715e+01 1.5516875702e+00
1.0234000000e+01 7.9702343627e+01 1.5564342686e+00
1.0241000000e+01 8.0199971080e+01 1.5615348807e+00
1.0247000000e+01 8.0697997433e+01 1.5662799429e+00
1.0253000000e+01 8.1196422048e+01 1.5710238725e+00
1.0260000000e+01 8.1695244290e+01 1.5761228323e+00
1.0266000000e+01 8.2194463525e+01 1.5808647272e+00
1.0272000000e+01 8.2694079124e+01 1.5856052967e+00
1.0278000000e+01 8.3194090458e+01 1.5903444781e+00
1.0283000000e+01 8.3694496902e+01 1.5947243306e+00
1.0289000000e+01 8.4195297834e+01 1.5994601453e+00
1.0295000000e+01 8.4696492631e+01 1.6041943885e+00
1.0300000000e+01 8.5198080678e+01 1.6085679492e+00
1.0305000000e+01 8.5700061357e+01 1.6129390581e+00
1.0311000000e+01 8.6202434055e+01 1.6176674403e+00
1.0316000000e+01 8.6705198162e+01 1.6220338528e+00
1.0321000000e+01 8.7208353070e+01 1.6263976595e+00
1.0326000000e+01 8.7711898171e+01 1.6307588106e+00
1.0331000000e+01 8.8215832863e+01 1.6351172565e+00
1.0336000000e+01 8.8720156544e+01 1.6394729476e+00
1.0340000000e+01 8.9224868614e+01 1.6434639709e+00
1.0345000000e+01 8.9729968477e+01 1.6478136699e+00
1.0350000000e+01 9.0235455539e+01 1.6521604699e+00
1.0354000000e+01 9.0741329207e+01 1.6561414899e+00
1.0359000000e+01 9.1247588890e+01 1.6604820224e+00
1.0363000000e+01 9.1754234002e+01 1.6644560615e+00
1.0367000000e+01 9.2261263957e+01 1.6684264020e+00
1.0371000000e+01 9.2768678171e+01 1.6723930064e+00
1.0375000000e+01 9.3276476063e+01 1.6763558377e+00
1.0380000000e+01 9.3784657055e+01 1.6806794606e+00
1.0383000000e+01 9.4293220569e+01 1.6842700322e+00
1.0387000000e+01 9.4802166032e+01 1.6882213218e+00
1.0391000000e+01 9.5311492870e+01 1.6921686905e+00
1.0395000000e+01 9.5821200513e+01 1.6961121019e+00
1.0399000000e+01 9.6331288394e+01 1.7000515196e+00
1.0402000000e+01 9.6841755946e+01 1.7036207070e+00
1.0406000000e+01 9.7352602605e+01 1.7075517712e+00
1.0409000000e+01 9.7863827809e+01 1.7111120452e+00
1.0412000000e+01 9.8375430999e+01 1.7146677038e+00
1.0416000000e+01 9.8887411617e+01 1.7185858707e+00
1.0419000000e+01 9.9399769107e+01 1.7221324460e+00
1.0422000000e+01 9.9912502916e+01 1.7256743264e+00
1.0425000000e+01 1.0042561249e+02 1.7292114868e+00
1.0428000000e+01 1.0093909728e+02 1.7327439022e+00
1.0431000000e+01 1.0145295675e+02 1.7362715478e+00
1.0434000000e+01 1.0196719034e+02 1.7397943989e+00
1.0437000000e+01 1.0248179750e+02 1.7433124309e+00
1.0440000000e+01 1.0299677771e+02 1.7468256195e+00
1.0443000000e+01 1.0351213042e+02 1.7503339403e+00
1.0445000000e+01 1.0402785509e+02 1.7534681220e+00
1.0448000000e+01 1.0454395118e+02 1.7569664428e+00
1.0451000000e+01 1.0506041817e+02 1.7604598271e+00
1.0453000000e+01 1.0557725552e+02 1.7635784542e+00
1.0456000000e+01 1.0609446269e+02 1.7670617116e+00
1.0458000000e+01 1.0661203917e+02 1.7701698225e+00
1.0460000000e+01 1.0712998443e+02 1.7732725696e+00
1.0463000000e+01 1.0764829793e+02 1.7767403978e+00
1.0465000000e+01 1.0816697917e+02 1.7798325289e+00
1.0467000000e+01 1.0868602761e+02 1.7829192513e+00
1.0469000000e+01 1.0920544274e+02 1.7860005510e+00
1.0471000000e+01 1.0972522405e+02 1.7890764145e+00
1.0473000000e+01 1.1024537101e+02 1.7921468282e+00
1.0475000000e+01 1.1076588312e+02 1.7952117787e+00
1.0477000000e+01 1.1128675985e+02 1.7982712527e+00
1.0479000000e+01 1.1180800072e+02 1.8013252370e+00
1.0481000000e+01 1.1232960519e+02 1.8043737187e+00
1.0483000000e+01 1.1285157277e+02 1.8074166849e+00
1.0484000000e+01 1.1337390296e+02 1.8100821207e+00
1.0486000000e+01 1.1389659525e+02 1.8131138939e+00
1.0488000000e+01 1.1441964913e+02 1.8161401164e+00
1.0489000000e+01 1.1494306412e+02 1.8187884253e+00
1.0491000000e+01 1.1546683971e+02 1.8218033937e+00
1.0492000000e+01 1.1599097541e+02 1.8244402124e+00
1.0494000000e+01 1.1651547072e+02 1.8274438887e+00
1.0495000000e+01 1.1704032515e+02 1.8300691900e+00
1.0496000000e+01 1.1756553821e+02 1.8326886770e+00
1.0498000000e+01 1.1809110941e+02 1.8356752952e+00
1.0499000000e+01 1.1861703827e+02 1.8382832281e+00
1.0500000000e+01 1.1914332429e+02 1.8408853325e+00
1.0501000000e+01 1.1966996700e+02 1.8434816046e+00
1.0503000000e+01 1.2019696591e+02 1.8464453364e+00
1.0504000000e+01 1.2072432053e+02 1.8490300103e+00
1.0505000000e+01 1.2125203040e+02 1.8516088391e+00
1.0506000000e+01 1.2178009503e+02 1.8541818194e+00
1.0507000000e+01 1.2230851395e+02 1.8567489479e+00
1.0508000000e+01 1.2283728668e+02 1.8593102215e+00
1.0509000000e+01 1.2336641275e+02 1.8618656373e+00
1.0509000000e+01 1.2389589169e+02 1.8640414046e+00
1.0510000000e+01 1.2442572303e+02 1.8665850347e+00
1.0511000000e+01 1.2495590630e+02 1.8691228008e+00
1.0512000000e+01 1.2548644103e+02 1.8716547001e+00
1.0513000000e+01 1.2601732676e+02 1.8741807303e+00
1.0513000000e+01 1.2654856303e+02 1.8763268291e+00
1.0514000000e+01 1.2708014937e+02 1.8788410634e+00
1.0515000000e+01 1.2761208532e+02 1.8813494239e+00
1.0515000000e+01 1.2814437043e+02 1.8834777156e+00
1.0516000000e+01 1.2867700423e+02 1.8859742782e+00
1.0516000000e+01 1.2920998628e+02 1.8880906958e+00
1.0517000000e+01 1.2974331611e+02 1.8905754613e+00
1.0517000000e+01 1.3027699327e+02 1.8926800142e+00
1.0517000000e+01 1.3081101732e+02 1.8947786260e+00
1.0518000000e+01 1.3134538779e+02 1.8972456824e+00
1.0518000000e+01 1.3188010426e+02 1.8993324466e+00
1.0519000000e+01 1.3241516625e+02 1.9017877134e+00
1.0519000000e+01 1.3295057334e+02 1.9038626409e+00
1.0519000000e+01 1.3348632507e+02 1.9059316467e+00
1.0519000000e+01 1.3402242101e+02 1.9079947356e+00
1.0519000000e+01 1.3455886070e+02 1.9100519125e+00
1.0520000000e+01 1.3509564372e+02 1.9124776921e+00
1.0520000000e+01 1.3563276962e+02 1.9145230680e+00
1.0520000000e+01 1.3617023797e+02 1.9165625450e+00
1.0520000000e+01 1.3670804833e+02 1.9185961285e+00
1.0520000000e+01 1.3724620026e+02 1.9206238235e+00
1.0520000000e+01 1.3778469333e+02 1.9226456354e+00
1.0520000000e+01 1.3832352712e+02 1.9246615695e+00
1.0520000000e+01 1.3886270119e+02 1.9266716311e+00
1.0520000000e+01 1.3940221510e+02 1.9286758259e+00
1.0520000000e+01 1.3994206844e+02 1.9306741592e+00
1.0520000000e+01 1.4048226078e+02 1.9326666366e+00
1.0520000000e+01 1.4102279169e+02 1.9346532639e+00
1.0519000000e+01 1.4156366075e+02 1.9362595555e+00
1.0519000000e+01 1.4210486754e+02 1.9382345123e+00
1.0519000000e+01 1.4264641163e+02 1.9402036380e+00
1.0519000000e+01 1.4318829261e+02 1.9421669382e+00
1.0518000000e+01 1.4373051006e+02 1.9437499965e+00
1.0518000000e+01 1.4427306356e+02 1.9457016833e+00
1.0518000000e+01 1.4481595269e+02 1.9476475644e+00
1.0517000000e+01 1.4535917704e+02 1.9492132933e+00
1.0517000000e+01 1.4590273620e+02 1.9511476055e+00
1.0517000000e+01 1.4644662976e+02 1.9530761321e+00
1.0516000000e+01 1.4699085730e+02 1.9546246107e+00
1.0516000000e+01 1.4753541841e+02 1.9565416139e+00
1.0515000000e+01 1.4808031269e+02 1.9580786490e+00
1.0515000000e+01 1.4862553973e+02 1.9599841605e+00
1.0514000000e+01 1.4917109913e+02 1.9615097901e+00
1.0514000000e+01 1.4971699048e+02 1.9634038420e+00
1.0513000000e+01 1.5026321337e+02 1.9649181042e+00
1.0513000000e+01 1.5080976740e+02 1.9668007290e+00
1.0512000000e+01 1.5135665219e+02 1.9683036622e+00
1.0511000000e+01 1.5190386731e+02 1.9698009685e+00
1.0511000000e+01 1.5245141238e+02 1.9716665355e+00
1.0510000000e+01 1.5299928700e+02 1.9731525723e+00
1.0509000000e+01 1.5354749077e+02 1.9746330141e+00
1.0509000000e+01 1.5409602331e+02 1.9764816025e+00
1.0508000000e+01 1.5464488420e+02 1.9779508348e+00
1.0507000000e+01 1.5519407307e+02 1.9794145041e+00
1.0506000000e+01 1.5574358952e+02 1.9808726218e+00
1.0506000000e+01 1.5629343315e+02 1.9826987145e+00
1.0505000000e+01 1.5684360359e+02 1.9841457042e+00
1.0504000000e+01 1.5739410045e+02 1.9855871747e+00
1.0503000000e+01 1.5794492333e+02 1.9870231370e+00
1.0502000000e+01 1.5849607185e+02 1.9884536025e+00
1.0501000000e+01 1.5904754563e+02 1.9898785825e+00
1.0501000000e+01 1.5959934429e+02 1.9916712408e+00
1.0500000000e+01 1.6015146744e+02 1.9930852182e+00
1.0499000000e+01 1.6070391469e+02 1.9944937428e+00
1.0498000000e+01 1.6125668568e+02 1.9958968260e+00
1.0497000000e+01 1.6180978003e+02 1.9972944791e+00
1.0496000000e+01 1.6236319734e+02 1.9986867135e+00
1.0495000000e+01 1.6291693726e+02 2.0000735406e+00
1.0494000000e+01 1.6347099940e+02 2.0014549719e+00
1.0493000000e+01 1.6402538338e+02 2.0028310188e+00
1.0492000000e+01 1.6458008885e+02 2.0042016927e+00
1.0491000000e+01 1.6513511541e+02 2.0055670050e+00
1.0489000000e+01 1.6569046271e+02 2.0065545983e+00
1.0488000000e+01 1.6624613037e+02 2.0079093001e+00
1.0487000000e+01 1.6680211802e+02 2.0092586760e+00
1.0486000000e+01 1.6735842530e+02 2.0106027373e+00
1.0485000000e+01 1.6791505183e+02 2.0119414957e+00
1.0484000000e+01 1.6847199726e+02 2.0132749627e+00
1.0483000000e+01 1.6902926122e+02 2.0146031498e+00
1.0481000000e+01 1.6958684334e+02 2.0155542706e+00
1.0480000000e+01 1.7014474326e+02 2.0168720182e+00
1.0479000000e+01 1.7070296062e+02 2.0181845217e+00
1.0478000000e+01 1.7126149506e+02 2.0194917925e+00
1.0477000000e+01 1.7182034622e+02 2.0207938424e+00
1.0475000000e+01 1.7237951374e+02 2.0217193243e+00
1.0474000000e+01 1.7293899726e+02 2.0230110577e+00
1.0473000000e+01 1.7349879643e+02 2.0242976059e+00
1.0471000000e+01 1.7405891089e+02 2.0252078977e+00
1.0470000000e+01 1.7461934029e+02 2.0264842042e+00
1.0469000000e+01 1.7518008427e+02 2.0277553614e+00
1.0467000000e+01 1.7574114248e+02 2.0286505822e+00
1.0466000000e+01 1.7630251457e+02 2.0299115723e+00
1.0465000000e+01 1.7686420019e+02 2.0311674491e+00
1.0463000000e+01 1.7742619899e+02 2.0320477179e+00
1.0462000000e+01 1.7798851061e+02 2.0332935022e+00
1.0460000000e+01 1.7855113472e+02 2.0341639023e+00
1.0459000000e+01 1.7911407097e+02 2.0353996447e+00
1.0458000000e+01 1.7967731900e+02 2.0366303338e+00
1.0456000000e+01 1.8024087848e+02 2.0374859806e+00
1.0455000000e+01 1.8080474906e+02 2.0387067024e+00
1.0453000000e+01 1.8136893040e+02 2.0395526140e+00
1.0452000000e+01 1.8193342215e+02 2.0407634189e+00
1.0450000000e+01 1.8249822398e+02 2.0415996490e+00
1.0449000000e+01 1.8306333555e+02 2.0428005871e+00
1.0447000000e+01 1.8362875651e+02 2.0436271893e+00
1.0446000000e+01 1.8419448653e+02 2.0448183109e+00
1.0444000000e+01 1.8476052527e+02 2.0456353386e+00
1.0443000000e+01 1.8532687239e+02 2.0468166940e+00
1.0441000000e+01 1.8589352756e+02 2.0476242005e+00
1.0439000000e+01 1.8646049045e+02 2.0484270217e+00
1.0438000000e+01 1.8702776071e+02 2.0495938785e+00
1.0436000000e+01 1.8759533803e+02 2.0503872591e+00
1.0435000000e+01 1.8816322206e+02 2.0515444756e+00
1.0433000000e+01 1.8873141247e+02 2.0523284688e+00
1.0431000000e+01 1.8929990894e+02 2.0531078451e+00
1.0430000000e+01 1.8986871114e+02 2.0542507539e+00
1.0428000000e+01 1.9043781873e+02 2.0550208229e+00
1.0426000000e+01 1.9100723139e+02 2.0557863161e+00
1.0425000000e+01 1.9157694879e+02 2.0569150316e+00
1.0423000000e+01 1.9214697062e+02 2.0576712973e+00
1.0421000000e+01 1.9271729653e+02 2.0584230280e+00
1.0420000000e+01 1.9328792622e+02 2.0595376647e+00
1.0418000000e+01 1.9385885935e+02 2.0602802476e+00
1.0416000000e+01 1.9443009560e+02 2.0610183361e+00
1.0415000000e+01 1.9500163466e+02 2.0621190079e+00
1.0413000000e+01 1.9557347620e+02 2.0628480278e+00
1.0411000000e+01 1.9614561990e+02 2.0635725938e+00
1.0409000000e+01 1.9671806544e+02 2.0642927197e+00
1.0408000000e+01 1.9729081251e+02 2.0653749908e+00
1.0406000000e+01 1.9786386078e+02 2.0660861538e+00
1.0404000000e+01 1.9843720995e+02 2.0667929168e+00
1.0402000000e+01 1.9901085970e+02 2.0674952935e+00
1.0400000000e+01 1.9958480970e+02 2.0681932974e+00
1.0399000000e+01 2.0015905966e+02 2.0692528857e+00
1.0397000000e+01 2.0073360925e+02 2.0699420581e+00
1.0395000000e+01 2.0130845816e+02 2.0706268976e+00
1.0393000000e+01 2.0188360608e+02 2.0713074178e+00
1.0391000000e+01 2.0245905271e+02 2.0719836320e+00
1.0389000000e+01 2.0303479772e+02 2.0726555536e+00
1.0388000000e+01 2.0361084082e+02 2.0736883677e+00
1.0386000000e+01 2.0418718169e+02 2.0743516145e+00
1.0384000000e+01 2.0476382002e+02 2.0750106083e+00
1.0382000000e+01 2.0534075552e+02 2.0756653624e+00
1.0380000000e+01 2.0591798787e+02 2.0763158900e+00
1.0378000000e+01 2.0649551677e+02 2.0769622045e+00
1.0376000000e+01 2.0707334191e+02 2.0776043190e+00
1.0374000000e+01 2.0765146300e+02 2.0782422467e+00
1.0373000000e+01 2.0822987972e+02 2.0792401146e+00
1.0371000000e+01 2.0880859178e+02 2.0798695745e+00
1.0369000000e+01 2.0938759888e+02 2.0804948867e+00
1.0367000000e+01 2.0996690071e+02 2.0811160642e+00
1.0365000000e+01 2.1054649697e+02 2.0817331202e+00
1.0363000000e+01 2.1112638738e+02 2.0823460676e+00
1.0361000000e+01 2.1170657162e+02 2.0829549196e+00
1.0359000000e+01 2.1228704940e+02 2.0835596891e+00
1.0357000000e+01 2.1286782043e+02 2.0841603890e+00
1.0355000000e+01 2.1344888441e+02 2.0847570325e+00
1.0353000000e+01 2.1403024104e+02 2.0853496323e+00
1.0351000000e+01 2.1461189003e+02 2.0859382013e+00
1.0349000000e+01 2.1519383109e+02 2.0865227526e+00
1.0347000000e+01 2.1577606392e+02 2.0871032988e+00
1.0345000000e+01 2.1635858823e+02 2.0876798528e+00
1.0343000000e+01 2.1694140373e+02 2.0882524275e+00
1.0341000000e+01 2.1752451012e+02 2.0888210355e+00
1.0339000000e+01 2.1810790713e+02 2.0893856896e+00
1.0337000000e+01 2.1869159446e+02 2.0899464026e+00
1.0335000000e+01 2.1927557181e+02 2.0905031870e+00
1.0333000000e+01 2.1985983892e+02 2.0910560556e+00
1.0331000000e+01 2.2044439547e+02 2.0916050211e+00
1.0329000000e+01 2.2102924120e+02 2.0921500959e+00
1.0327000000e+01 2.2161437581e+02 2.0926912927e+00
1.0325000000e+01 2.2219979902e+02 2.0932286241e+00
1.0323000000e+01 2.2278551055e+02 2.0937621024e+00
1.0321000000e+01 2.2337151010e+02 2.0942917404e+00
1.0319000000e+01 2.2395779741e+02 2.0948175503e+00
1.0317000000e+01 2.2454437218e+02 2.0953395448e+00
1.0315000000e+01 2.2513123413e+02 2.0958577360e+00
1.0312000000e+01 2.2571838299e+02 2.0960122290e+00
1.0310000000e+01 2.2630581848e+02 2.0965229975e+00
1.0308000000e+01 2.2689354031e+02 2.0970300004e+00
1.0306000000e+01 2.2748154820e+02 2.0975332498e+00
1.0304000000e+01 2.2806984188e+02 2.0980327580e+00
1.0302000000e+01 2.2865842107e+02 2.0985285374e+00
1.0300000000e+01 2.2924728550e+02 2.0990206001e+00
1.0298000000e+01 2.2983643488e+02 2.0995089583e+00
1.0296000000e+01 2.3042586895e+02 2.0999936242e+00
1.0294000000e+01 2.3101558742e+02 2.1004746099e+00
1.0291000000e+01 2.3160559002e+02 2.1005934897e+00
1.0289000000e+01 2.3219587649e+02 2.1010673010e+00
1.0287000000e+01 2.3278644654e+02 2.1015374686e+00
1.0285000000e+01 2.3337729991e+02 2.1020040045e+00
1.0283000000e+01 2.3396843632e+02 2.1024669208e+00
1.0281000000e+01 2.3455985550e+02 2.1029262293e+00
1.0279000000e+01 2.3515155719e+02 2.1033819421e+00
1.0276000000e+01 2.3574354111e+02 2.1034766777e+00
1.0274000000e+01 2.3633580699e+02 2.1039253864e+00
1.0272000000e+01 2.3692835457e+02 2.1043705353e+00
1.0270000000e+01 2.3752118358e+02 2.1048121361e+00
1.0268000000e+01 2.3811429375e+02 2.1052502006e+00
1.0266000000e+01 2.3870768482e+02 2.1056847407e+00
1.0263000000e+01 2.3930135651e+02 2.1057592791e+00
1.0261000000e+01 2.3989530857e+02 2.1061869588e+00
1.0259000000e+01 2.4048954073e+02 2.1066111493e+00
1.0257000000e+01 2.4108405273e+02 2.1070318623e+00
1.0255000000e+01 2.4167884430e+02 2.1074491094e+00
1.0252000000e+01 2.4227391518e+02 2.1075071723e+00
1.0250000000e+01 2.4286926511e+02 2.1079176771e+00
1.0248000000e+01 2.4346489382e+02 2.1083247510e+00
1.0246000000e+01 2.4406080106e+02 2.1087284053e+00
1.0244000000e+01 2.4465698657e+02 2.1091286517e+00
1.0241000000e+01 2.4525345009e+02 2.1091705363e+00
1.0239000000e+01 2.4585019135e+02 2.1095641568e+00
1.0237000000e+01 2.4644721010e+02 2.1099544038e+00
1.0235000000e+01 2.4704450608e+02 2.1103412887e+00
1.0233000000e+01 2.4764207904e+02 2.1107248227e+00
1.0230000000e+01 2.4823992872e+02 2.1107508218e+00
1.0228000000e+01 2.4883805486e+02 2.1111278449e+00
1.0226000000e+01 2.4943645721e+02 2.1115015512e+00
1.0224000000e+01 2.5003513551e+02 2.1118719517e+00
1.0221000000e+01 2.5063408950e+02 2.1118854799e+00
1.0219000000e+01 2.5123331895e+02 2.1122494605e+00
1.0217000000e+01 2.5183282358e+02 2.1126101691e+00
1.0215000000e+01 2.5243260315e+02 2.1129676168e+00
1.0212000000e+01 2.5303265741e+02 2.1129688569e+00
1.0210000000e+01 2.5363298611e+02 2.1133199744e+00
1.0208000000e+01 2.5423358899e+02 2.1136678644e+00
1.0206000000e+01 2.5483446580e+02 2.1140125377e+00
1.0203000000e+01 2.5543561631e+02 2.1140016704e+00
1.0201000000e+01 2.5603704025e+02 2.1143401025e+00
1.0199000000e+01 2.5663873737e+02 2.1146753508e+00
1.0197000000e+01 2.5724070744e+02 2.1150074262e+00
1.0194000000e+01 2.5784295020e+02 2.1149846302e+00
1.0192000000e+01 2.5844546541e+02 2.1153105523e+00
1.0190000000e+01 2.5904825282e+02 2.1156333340e+00
1.0188000000e+01 2.5965131218e+02 2.1159529861e+00
1.0185000000e+01 2.6025464325e+02 2.1159184379e+00
1.0183000000e+01 2.6085824579e+02 2.1162320235e+00
1.0181000000e+01 2.6146211954e+02 2.1165425118e+00
1.0178000000e+01 2.6206626428e+02 2.1164993008e+00
1.0176000000e+01 2.6267067975e+02 2.1168037871e+00
1.0174000000e+01 2.6327536571e+02 2.1171052079e+00
1.0172000000e+01 2.6388032193e+02 2.1174035738e+00
1.0169000000e+01 2.6448554815e+02 2.1173489144e+00
1.0167000000e+01 2.6509104414e+02 2.1176413635e+00
1.0165000000e+01 2.6569680966e+02 2.1179307892e+00
1.0162000000e+01 2.6630284447e+02 2.1178676926e+00
1.0160000000e+01 2.6690914833e+02 2.1181512647e+00
1.0158000000e+01 2.6751572101e+02 2.1184318447e+00
1.0156000000e+01 2.6812256225e+02 2.1187094430e+00
1.0153000000e+01 2.6872967183e+02 2.1186351953e+00
1.0151000000e+01 2.6933704951e+02 2.1189070234e+00
1.0149000000e+01 2.6994469505e+02 2.1191759006e+00
1.0146000000e+01 2.7055260822e+02 2.1190934364e+00
1.0144000000e+01 2.7116078878e+02 2.1193566054e+00
1.0142000000e+01 2.7176923649e+02 2.1196168542e+00
1.0139000000e+01 2.7237795113e+02 2.1195262667e+00
1.0137000000e+01 2.7298693245e+02 2.1197808686e+00
1.0135000000e+01 2.7359618023e+02 2.1200325808e+00
1.0132000000e+01 2.7420569423e+02 2.1199339621e+00
1.0130000000e+01 2.7481547422e+02 2.1201800882e+00
1.0128000000e+01 2.7542551997e+02 2.1204233547e+00
1.0125000000e+01 2.7603583124e+02 2.1203167962e+00
1.0123000000e+01 2.7664640781e+02 2.1205545369e+00
1.0121000000e+01 2.7725724944e+02 2.1207894479e+00
1.0119000000e+01 2.7786835591e+02 2.1210215390e+00
1.0116000000e+01 2.7847972698e+02 2.1209044850e+00
1.0114000000e+01 2.7909136243e+02 2.1211311297e+00
1.0112000000e+01 2.7970326203e+02 2.1213549841e+00
1.0109000000e+01 2.8031542555e+02 2.1212302000e+00
1.0107000000e+01 2.8092785276e+02 2.1214486670e+00
1.0105000000e+01 2.8154054344e+02 2.1216643729e+00
1.0102000000e+01 2.8215349736e+02 2.1215319472e+00
1.0100000000e+01 2.8276671429e+02 2.1217423242e+00
1.0098000000e+01 2.8338019401e+02 2.1219499690e+00
1.0095000000e+01 2.8399393629e+02 2.1218099893e+00
1.0093000000e+01 2.8460794091e+02 2.1220123631e+00
1.0091000000e+01 2.8522220765e+02 2.1222120335e+00
1.0088000000e+01 2.8583673628e+02 2.1220645865e+00
1.0086000000e+01 2.8645152658e+02 2.1222590433e+00
1.0084000000e+01 2.8706657833e+02 2.1224508252e+00
1.0081000000e+01 2.8768189129e+02 2.1222959967e+00
1.0079000000e+01 2.8829746527e+02 2.1224826217e+00
1.0077000000e+01 2.8891330002e+02 2.1226666000e+00
1.0074000000e+01 2.8952939533e+02 2.1225044752e+00
1.0072000000e+01 2.9014575098e+02 2.1226833530e+00
1.0070000000e+01 2.9076236676e+02 2.1228596120e+00
1.0067000000e+01 2.9137924243e+02 2.1226902749e+00
1.0065000000e+01 2.9199637779e+02 2.1228614892e+00
1.0063000000e+01 2.9261377261e+02 2.1230301123e+00
1.0060000000e+01 2.9323142668e+02 2.1228536464e+00
1.0058000000e+01 2.9384933978e+02 2.1230172800e+00
1.0055000000e+01 2.9446751169e+02 2.1228361571e+00
1.0053000000e+01 2.9508594219e+02 2.1229948377e+00
1.0051000000e+01 2.9570463107e+02 2.1231509729e+00
1.0048000000e+01 2.9632357812e+02 2.1229628582e+00
1.0046000000e+01 2.9694278311e+02 2.1231140947e+00
1.0044000000e+01 2.9756224584e+02 2.1232628127e+00
1.0041000000e+01 2.9818196609e+02 2.1230677874e+00
1.0039000000e+01 2.9880194364e+02 2.1232116606e+00
1.0037000000e+01 2.9942217829e+02 2.1233530420e+00
1.0034000000e+01 3.0004266982e+02 2.1231511864e+00
1.0032000000e+01 3.0066341801e+02 2.1232877764e+00
1.0030000000e+01 3.0128442265e+02 2.1234219011e+00
1.0027000000e+01 3.0190568354e+02 2.1232132947e+00
1.0025000000e+01 3.0252720046e+02 2.1233426808e+00
1.0023000000e+01 3.0314897320e+02 2.1234696279e+00
1.0020000000e+01 3.0377100156e+02 2.1232543495e+00
1.0018000000e+01 3.0439328531e+02 2.1233766102e+00
1.0016000000e+01 3.0501582425e+02 2.1234964579e+00
1.0013000000e+01 3.0563861818e+02 2.1232745853e+00
1.0011000000e+01 3.0626166688e+02 2.1233897985e+00
1.0008000000e+01 3.0688497015e+02 2.1231636221e+00
1.0006000000e+01 3.0750852777e+02 2.1232742348e+00
1.0004000000e+01 3.0813233954e+02 2.1233824774e+00
1.0001000000e+01 3.0875640526e+02 2.1231498349e+00
9.9990000000e+00 3.0938072471e+02 2.1232535281e+00
9.9970000000e+00 3.1000529770e+02 2.1233548764e+00
9.9940000000e+00 3.1063012401e+02 2.1231158437e+00
9.9920000000e+00 3.1125520344e+02 2.1232126930e+00
9.9900000000e+00 3.1188053578e+02 2.1233072227e+00
9.9870000000e+00 3.1250612084e+02 2.1230618747e+00
9.9850000000e+00 3.1313195840e+02 2.1231519553e+00
9.9830000000e+00 3.1375804827e+02 2.1232397411e+00
9.9800000000e+00 3.1438439023e+02 2.1229881521e+00
9.9780000000e+00 3.1501098409e+02 2.1230715383e+00
9.9760000000e+00 3.1563782965e+02 2.1231526544e+00
9.9730000000e+00 3.1626492670e+02 2.1228948979e+00
9.9710000000e+00 3.1689227504e+02 2.1229716632e+00
9.9680000000e+00 3.1751987447e+02 2.1227098845e+00
9.9660000000e+00 3.1814772479e+02 2.1227823316e+00
9.9640000000e+00 3.1877582580e+02 2.1228525491e+00
9.9610000000e+00 3.1940417730e+02 2.1225847235e+00
9.9590000000e+00 3.2003277908e+02 2.1226506708e+00
9.9570000000e+00 3.2066163096e+02 2.1227144125e+00
9.9540000000e+00 3.2129073273e+02 2.1224406117e+00
9.9520000000e+00 3.2192008419e+02 2.1225001309e+00
9.9500000000e+00 3.2254968515e+02 2.1225574682e+00
9.9470000000e+00 3.2317953540e+02 2.1222777628e+00
9.9450000000e+00 3.2380963476e+02 2.1223309248e+00
9.9430000000e+00 3.2443998302e+02 2.1223819285e+00
9.9400000000e+00 3.2507057998e+02 2.1220963885e+00
9.9380000000e+00 3.2570142546e+02 2.1221432636e+00
9.9360000000e+00 3.2633251925e+02 2.1221880038e+00
9.9330000000e+00 3.2696386117e+02 2.1218966984e+00
9.9310000000e+00 3.2759545101e+02 2.1219373562e+00
9.9290000000e+00 3.2822728858e+02 2.1219759021e+00
9.9260000000e+00 3.2885937368e+02 2.1216788999e+00
9.9240000000e+00 3.2949170613e+02 2.1217134093e+00
9.9210000000e+00 3.3012428573e+02 2.1214126953e+00
9.9190000000e+00 3.3075711229e+02 2.1214431984e+00
9.9170000000e+00 3.3139018561e+02 2.1214716274e+00
9.9140000000e+00 3.3202350550e+02 2.1211653292e+00
9.9120000000e+00 3.3265707177e+02 2.1211897969e+00
9.9100000000e+00 3.3329088423e+02 2.1212122132e+00
9.9070000000e+00 3.3392494269e+02 2.1209003972e+00
9.9050000000e+00 3.3455924695e+02 2.1209188967e+00
9.9030000000e+00 3.3519379683e+02 2.1209353670e+00
9.9000000000e+00 3.3582859214e+02 2.1206180992e+00
9.8980000000e+00 3.3646363269e+02 2.1206306969e+00
9.8960000000e+00 3.3709891828e+02 2.1206412873e+00
9.8930000000e+00 3.3773444873e+02 2.1203186329e+00
9.8910000000e+00 3.3837022385e+02 2.1203253943e+00
9.8890000000e+00 3.3900624345e+02 2.1203301704e+00
9.8860000000e+00 3.3964250735e+02 2.1200021939e+00
9.8840000000e+00 3.4027901535e+02 2.1200031842e+00
9.8820000000e+00 3.4091576727e+02 2.1200022107e+00
9.8790000000e+00 3.4155276293e+02 2.1196689759e+00
9.8770000000e+00 3.4219000213e+02 2.1196642594e+00
9.8750000000e+00 3.4282748469e+02 2.1196576005e+00
9.8720000000e+00 3.4346521043e+02 2.1193191705e+00
9.8700000000e+00 3.4410317916e+02 2.1193088109e+00
9.8680000000e+00 3.4474139069e+02 2.1192965301e+00
9.8650000000e+00 3.4537984484e+02 2.1189529674e+00
9.8630000000e+00 3.4601854143e+02 2.1189370278e+00
9.8610000000e+00 3.4665748027e+02 2.1189191880e+00
9.8580000000e+00 3.4729666117e+02 2.1185705543e+00
9.8560000000e+00 3.4793608397e+02 2.1185490971e+00
9.8540000000e+00 3.4857574846e+02 2.1185257604e+00
9.8510000000e+00 3.4921565447e+02 2.1181721170e+00
9.8490000000e+00 3.4985580182e+02 2.1181452039e+00
9.8470000000e+00 3.5049619033e+02 2.1181164319e+00
9.8440000000e+00 3.5113681981e+02 2.1177578391e+00
9.8420000000e+00 3.5177769008e+02 2.1177255314e+00
9.8400000000e+00 3.5241880097e+02 2.1176913850e+00
9.8370000000e+00 3.5306015229e+02 2.1173279027e+00
9.8350000000e+00 3.5370174386e+02 2.1172902608e+00
9.8330000000e+00 3.5434357550e+02 2.1172508003e+00
9.8300000000e+00 3.5498564703e+02 2.1168824876e+00
9.8280000000e+00 3.5562795827e+02 2.1168395714e+00
9.8260000000e+00 3.5627050905e+02 2.1167948566e+00
9.8230000000e+00 3.5691329919e+02 2.1164217721e+00
9.8210000000e+00 3.5755632850e+02 2.1163736409e+00
9.8190000000e+00 3.5819959682e+02 2.1163237308e+00
9.8160000000e+00 3.5884310395e+02 2.1159459322e+00
9.8140000000e+00 3.5948684974e+02 2.1158926447e+00
9.8120000000e+00 3.6013083399e+02 2.1158375977e+00
9.8090000000e+00 3.6077505653e+02 2.1154551425e+00
9.8070000000e+00 3.6141951719e+02 2.1153967566e+00
9.8050000000e+00 3.6206421579e+02 2.1153366307e+00
9.8030000000e+00 3.6270915215e+02 2.1152747711e+00
9.8000000000e+00 3.6335432610e+02 2.1148861485e+00
9.7980000000e+00 3.6399973747e+02 2.1148210009e+00
9.7960000000e+00 3.6464538607e+02 2.1147541387e+00
9.7930000000e+00 3.6529127175e+02 2.1143609907e+00
9.7910000000e+00 3.6593739431e+02 2.1142908779e+00
9.7890000000e+00 3.6658375359e+02 2.1142190695e+00
9.7860000000e+00 3.6723034942e+02 2.1138214512e+00
9.7840000000e+00 3.6787718162e+02 2.1137464295e+00
9.7820000000e+00 3.6852425002e+02 2.1136697307e+00
9.7790000000e+00 3.6917155445e+02 2.1132676968e+00
9.7770000000e+00 3.6981909473e+02 2.1131878215e+00
9.7750000000e+00 3.7046687070e+02 2.1131062877e+00
9.7730000000e+00 3.7111488217e+02 2.1130231015e+00
9.7700000000e+00 3.7176312899e+02 2.1126152182e+00
9.7680000000e+00 3.7241161098e+02 2.1125289040e+00
9.7660000000e+00 3.7306032797e+02 2.1124409557e+00
9.7630000000e+00 3.7370927979e+02 2.1120287819e+00
9.7610000000e+00 3.7435846627e+02 2.1119377415e+00
9.7590000000e+00 3.7500788724e+02 2.1118450850e+00
9.7560000000e+00 3.7565754253e+02 2.1114286734e+00
9.7540000000e+00 3.7630743197e+02 2.1113329603e+00
9.7520000000e+00 3.7695755539e+02 2.1112356490e+00
9.7500000000e+00 3.7760791263e+02 2.1111367453e+00
9.7470000000e+00 3.7825850352e+02 2.1107147189e+00
9.7450000000e+00 3.7890932789e+02 2.1106128055e+00
9.7430000000e+00 3.7956038557e+02 2.1105093175e+00
9.7400000000e+00 3.8021167640e+02 2.1100831739e+00
9.7380000000e+00 3.8086320020e+02 2.1099767108e+00
9.7360000000e+00 3.8151495682e+02 2.1098686904e+00
9.7340000000e+00 3.8216694608e+02 2.1097591185e+00
9.7310000000e+00 3.8281916782e+02 2.1093275192e+00
9.7290000000e+00 3.8347162187e+02 2.1092150181e+00
9.7270000000e+00 3.8412430808e+02 2.1091009826e+00
9.7240000000e+00 3.8477722626e+02 2.1086653837e+00
9.7220000000e+00 3.8543037627e+02 2.1085484527e+00
9.7200000000e+00 3.8608375793e+02 2.1084300044e+00
9.7180000000e+00 3.8673737108e+02 2.1083100445e+00
9.7150000000e+00 3.8739121556e+02 2.1078691450e+00
9.7130000000e+00 3.8804529120e+02 2.1077463342e+00
9.7110000000e+00 3.8869959784e+02 2.1076220285e+00
9.7090000000e+00 3.8935413532e+02 2.1074962335e+00
9.7060000000e+00 3.9000890347e+02 2.1070501203e+00
9.7040000000e+00 3.9066390214e+02 2.1069215184e+00
9.7020000000e+00 3.9131913115e+02 2.1067914437e+00
9.6990000000e+00 3.9197459035e+02 2.1063415097e+00
9.6970000000e+00 3.9263027958e+02 2.1062086606e+00
9.6950000000e+00 3.9328619867e+02 2.1060743551e+00
9.6930000000e+00 3.9394234746e+02 2.1059385986e+00
9.6900000000e+00 3.9459872580e+02 2.1054835999e+00
9.6880000000e+00 3.9525533352e+02 2.1053451119e+00
9.6860000000e+00 3.9591217046e+02 2.1052051891e+00
9.6840000000e+00 3.9656923647e+02 2.1050638369e+00
9.6810000000e+00 3.9722653138e+02 2.1046038568e+00
9.6790000000e+00 3.9788405503e+02 2.1044598153e+00
9.6770000000e+00 3.9854180727e+02 2.1043143603e+00
9.6750000000e+00 3.9919978793e+02 2.1041674970e+00
9.6720000000e+00 3.9985799686e+02 2.1037026178e+00
9.6700000000e+00 4.0051643390e+02 2.1035531070e+00
9.6680000000e+00 4.0117509889e+02 2.1034022036e+00
9.6660000000e+00 4.0183399168e+02 2.1032499130e+00
9.6630000000e+00 4.0249311210e+02 2.1027802157e+00
9.6610000000e+00 4.0315246000e+02 2.1026253185e+00
9.6590000000e+00 4.0381203522e+02 2.1024690495e+00
9.6570000000e+00 4.0447183761e+02 2.1023114138e+00
9.6540000000e+00 4.0513186700e+02 2.1018369782e+00
9.6520000000e+00 4.0579212325e+02 2.1016767765e+00
9.6500000000e+00 4.0645260620e+02 2.1015152234e+00
9.6480000000e+00 4.0711331569e+02 2.1013523240e+00
9.6450000000e+00 4.0777425157e+02 2.1008732287e+00
9.6430000000e+00 4.0843541367e+02 2.1007078031e+00
9.6410000000e+00 4.0909680186e+02 2.1005410462e+00
9.6390000000e+00 4.0975841597e+02 2.1003729631e+00
9.6370000000e+00 4.1042025584e+02 2.1002035587e+00
9.6340000000e+00 4.1108232133e+02 2.0997187156e+00
9.6320000000e+00 4.1174461228e+02 2.0995468343e+00
9.6300000000e+00 4.1240712854e+02 2.0993736464e+00
9.6280000000e+00 4.1306986995e+02 2.0991991570e+00
9.6250000000e+00 4.1373283637e+02 2.0987098270e+00
9.6230000000e+00 4.1439602763e+02 2.0985328993e+00
9.6210000000e+00 4.1505944359e+02 2.0983546845e+00
9.6190000000e+00 4.1572308409e+02 2.0981751876e+00
9.6160000000e+00 4.1638694899e+02 2.0976814456e+00
9.6140000000e+00 4.1705103813e+02 2.0974995485e+00
9.6120000000e+00 4.1771535135e+02 2.0973163836e+00
9.6100000000e+00 4.1837988852e+02 2.0971319557e+00
9.6080000000e+00 4.1904464947e+02 2.0969462697e+00
9.6050000000e+00 4.1970963406e+02 2.0964470848e+00
9.6030000000e+00 4.2037484213e+02 2.0962590454e+00
9.6010000000e+00 4.2104027355e+02 2.0960697619e+00
9.5990000000e+00 4.2170592814e+02 2.0958792390e+00
9.5970000000e+00 4.2237180578e+02 2.0956874815e+00
9.5940000000e+00 4.2303790631e+02 2.0951829673e+00
9.5920000000e+00 4.2370422957e+02 2.0949889025e+00
9.5900000000e+00 4.2437077542e+02 2.0947936168e+00
