7.7820000000e+00 1.1825834315e+01 4.3180220662e-01
7.8920000000e+00 1.2288607608e+01 4.5135873039e-01
7.9990000000e+00 1.2752148992e+01 4.7098670974e-01
8.1020000000e+00 1.3216455930e+01 4.9048125890e-01
8.2020000000e+00 1.3681525905e+01 5.0996937436e-01
8.2990000000e+00 1.4147356422e+01 5.2941675228e-01
8.3920000000e+00 1.4613945006e+01 5.4860675899e-01
8.4830000000e+00 1.5081289201e+01 5.6786675689e-01
8.5720000000e+00 1.5549386573e+01 5.8717528054e-01
8.6570000000e+00 1.6018234704e+01 6.0612230403e-01
8.7400000000e+00 1.6487831198e+01 6.2505986355e-01
8.8210000000e+00 1.6958173677e+01 6.4396697843e-01
8.9000000000e+00 1.7429259784e+01 6.6282279423e-01
8.9760000000e+00 1.7901087176e+01 6.8139777181e-01
9.0500000000e+00 1.8373653533e+01 6.9987328430e-01
9.1220000000e+00 1.8846956551e+01 7.1822922845e-01
9.1920000000e+00 1.9320993943e+01 7.3644574390e-01
9.2600000000e+00 1.9795763441e+01 7.5450323672e-01
9.3270000000e+00 2.0271262794e+01 7.7260785767e-01
9.3920000000e+00 2.0747489769e+01 7.9052141856e-01
9.4550000000e+00 2.1224442148e+01 8.0822503524e-01
9.5160000000e+00 2.1702117733e+01 8.2570016684e-01
9.5760000000e+00 2.2180514339e+01 8.4316628861e-01
9.6340000000e+00 2.2659629800e+01 8.6037368883e-01
9.6910000000e+00 2.3139461965e+01 8.7754812914e-01
9.7470000000e+00 2.3620008700e+01 8.9468070368e-01
9.8010000000e+00 2.4101267885e+01 9.1151358299e-01
9.8530000000e+00 2.4583237418e+01 9.2802990793e-01
9.9050000000e+00 2.5065915210e+01 9.4472174922e-01
9.9550000000e+00 2.5549299190e+01 9.6107479139e-01
1.0004000000e+01 2.6033387300e+01 9.7733241395e-01
1.0052000000e+01 2.6518177497e+01 9.9348644584e-01
1.0099000000e+01 2.7003667753e+01 1.0095288179e+00
1.0144000000e+01 2.7489856057e+01 1.0251848401e+00
1.0189000000e+01 2.7976740408e+01 1.0409777515e+00
1.0232000000e+01 2.8464318823e+01 1.0563641195e+00
1.0275000000e+01 2.8952589331e+01 1.0718767988e+00
1.0316000000e+01 2.9441549975e+01 1.0869633898e+00
1.0357000000e+01 2.9931198814e+01 1.1021660281e+00
1.0396000000e+01 3.0421533917e+01 1.1169237096e+00
1.0435000000e+01 3.0912553369e+01 1.1317875113e+00
1.0473000000e+01 3.1404255269e+01 1.1464724533e+00
1.0510000000e+01 3.1896637726e+01 1.1609716916e+00
1.0546000000e+01 3.2389698864e+01 1.1752785203e+00
1.0581000000e+01 3.2883436822e+01 1.1893863729e+00
1.0616000000e+01 3.3377849747e+01 1.2035809047e+00
1.0650000000e+01 3.3872935802e+01 1.2175674563e+00
1.0683000000e+01 3.4368693162e+01 1.2313397566e+00
1.0715000000e+01 3.4865120013e+01 1.2448916802e+00
1.0747000000e+01 3.5362214554e+01 1.2585165732e+00
1.0777000000e+01 3.5859974998e+01 1.2716116464e+00
1.0808000000e+01 3.6358399566e+01 1.2850742389e+00
1.0837000000e+01 3.6857486493e+01 1.2979955303e+00
1.0866000000e+01 3.7357234027e+01 1.3109770565e+00
1.0894000000e+01 3.7857640425e+01 1.3237105862e+00
1.0922000000e+01 3.8358703957e+01 1.3364999331e+00
1.0949000000e+01 3.8860422904e+01 1.3490337702e+00
1.0975000000e+01 3.9362795557e+01 1.3613069226e+00
1.1001000000e+01 3.9865820220e+01 1.3736280251e+00
1.1027000000e+01 4.0369495207e+01 1.3859965101e+00
1.1051000000e+01 4.0873818844e+01 1.3977786703e+00
1.1076000000e+01 4.1378789465e+01 1.4099193298e+00
1.1099000000e+01 4.1884405417e+01 1.4214641653e+00
1.1122000000e+01 4.2390665057e+01 1.4330458051e+00
1.1145000000e+01 4.2897566752e+01 1.4446637403e+00
1.1167000000e+01 4.3405108880e+01 1.4559942256e+00
1.1189000000e+01 4.3913289829e+01 1.4673574052e+00
1.1210000000e+01 4.4422107997e+01 1.4784270608e+00
1.1231000000e+01 4.4931561791e+01 1.4895259549e+00
1.1251000000e+01 4.5441649630e+01 1.5003254994e+00
1.1271000000e+01 4.5952369941e+01 1.5111509731e+00
1.1291000000e+01 4.6463721161e+01 1.5220019263e+00
1.1310000000e+01 4.6975701738e+01 1.5325463547e+00
1.1329000000e+01 4.7488310128e+01 1.5431131136e+00
1.1347000000e+01 4.8001544796e+01 1.5533680523e+00
1.1365000000e+01 4.8515404219e+01 1.5636423203e+00
1.1382000000e+01 4.9029886880e+01 1.5735997190e+00
1.1399000000e+01 4.9544991274e+01 1.5835735934e+00
1.1416000000e+01 5.0060715903e+01 1.5935635642e+00
1.1433000000e+01 5.0577059279e+01 1.6035692504e+00
1.1449000000e+01 5.1094019922e+01 1.6132505333e+00
1.1464000000e+01 5.1611596363e+01 1.6226042081e+00
1.1480000000e+01 5.2129787138e+01 1.6323102836e+00
1.1495000000e+01 5.2648590795e+01 1.6416862218e+00
1.1509000000e+01 5.3168005889e+01 1.6507290117e+00
1.1524000000e+01 5.3688030985e+01 1.6601241033e+00
1.1538000000e+01 5.4208664653e+01 1.6691836783e+00
1.1551000000e+01 5.4729905476e+01 1.6779049157e+00
1.1565000000e+01 5.5251752042e+01 1.6869783762e+00
1.1578000000e+01 5.5774202947e+01 1.6957112903e+00
1.1591000000e+01 5.6297256797e+01 1.7044492211e+00
1.1603000000e+01 5.6820912205e+01 1.7128429232e+00
1.1616000000e+01 5.7345167792e+01 1.7215892870e+00
1.1628000000e+01 5.7870022187e+01 1.7299893873e+00
1.1640000000e+01 5.8395474027e+01 1.7383919337e+00
1.1651000000e+01 5.8921521956e+01 1.7464448293e+00
1.1662000000e+01 5.9448164626e+01 1.7544982902e+00
1.1673000000e+01 5.9975400698e+01 1.7625520868e+00
1.1684000000e+01 6.0503228838e+01 1.7706059896e+00
1.1694000000e+01 6.1031647720e+01 1.7783053107e+00
1.1705000000e+01 6.1560656028e+01 1.7863580985e+00
1.1715000000e+01 6.2090252451e+01 1.7940546082e+00
1.1724000000e+01 6.2620435685e+01 1.8013928136e+00
1.1734000000e+01 6.3151204434e+01 1.8090844813e+00
1.1743000000e+01 6.3682557409e+01 1.8164162943e+00
1.1752000000e+01 6.4214493328e+01 1.8237443541e+00
1.1761000000e+01 6.4747010917e+01 1.8310684820e+00
1.1770000000e+01 6.5280108907e+01 1.8383884997e+00
1.1779000000e+01 6.5813786038e+01 1.8457042291e+00
1.1787000000e+01 6.6348041055e+01 1.8526553984e+00
1.1795000000e+01 6.6882872710e+01 1.8596009192e+00
1.1803000000e+01 6.7418279764e+01 1.8665406380e+00
1.1810000000e+01 6.7954260981e+01 1.8731128742e+00
1.1818000000e+01 6.8490815135e+01 1.8800400602e+00
1.1825000000e+01 6.9027941004e+01 1.8865985546e+00
1.1832000000e+01 6.9565637374e+01 1.8931497551e+00
1.1839000000e+01 7.0103903036e+01 1.8996935325e+00
1.1846000000e+01 7.0642736790e+01 1.9062297583e+00
1.1853000000e+01 7.1182137440e+01 1.9127583047e+00
1.1859000000e+01 7.1722103796e+01 1.9189145203e+00
1.1866000000e+01 7.2262634676e+01 1.9254269264e+00
1.1872000000e+01 7.2803728903e+01 1.9315659825e+00
1.1878000000e+01 7.3345385307e+01 1.9376961075e+00
1.1883000000e+01 7.3887602723e+01 1.9434511908e+00
1.1889000000e+01 7.4430379992e+01 1.9495627873e+00
1.1895000000e+01 7.4973715962e+01 1.9556651483e+00
1.1900000000e+01 7.5517609487e+01 1.9613911410e+00
1.1905000000e+01 7.6062059425e+01 1.9671070432e+00
1.1910000000e+01 7.6607064641e+01 1.9728127728e+00
1.1915000000e+01 7.7152624007e+01 1.9785082488e+00
1.1920000000e+01 7.7698736399e+01 1.9841933905e+00
1.1924000000e+01 7.8245400698e+01 1.9894995833e+00
1.1929000000e+01 7.8792615794e+01 1.9951635312e+00
1.1933000000e+01 7.9340380579e+01 2.0004478292e+00
1.1937000000e+01 7.9888693952e+01 2.0057209516e+00
1.1942000000e+01 8.0437554819e+01 2.0113524322e+00
1.1946000000e+01 8.0986962087e+01 2.0166032716e+00
1.1949000000e+01 8.1536914674e+01 2.0214726729e+00
1.1953000000e+01 8.2087411500e+01 2.0267005033e+00
1.1957000000e+01 8.2638451490e+01 2.0319168663e+00
1.1960000000e+01 8.3190033576e+01 2.0367509533e+00
1.1964000000e+01 8.3742156695e+01 2.0419439944e+00
1.1967000000e+01 8.4294819788e+01 2.0467542383e+00
1.1970000000e+01 8.4848021802e+01 2.0515523984e+00
1.1973000000e+01 8.5401761690e+01 2.0563384369e+00
1.1976000000e+01 8.5956038408e+01 2.0611123165e+00
1.1979000000e+01 8.6510850918e+01 2.0658740003e+00
1.1981000000e+01 8.7066198188e+01 2.0702513878e+00
1.1984000000e+01 8.7622079190e+01 2.0749884051e+00
1.1986000000e+01 8.8178492901e+01 2.0793407452e+00
1.1989000000e+01 8.8735438302e+01 2.0840529757e+00
1.1991000000e+01 8.9292914381e+01 2.0883801700e+00
1.1993000000e+01 8.9850920128e+01 2.0926946885e+00
1.1995000000e+01 9.0409454541e+01 2.0969965131e+00
1.1997000000e+01 9.0968516621e+01 2.1012856256e+00
1.1999000000e+01 9.1528105373e+01 2.1055620088e+00
1.2001000000e+01 9.2088219808e+01 2.1098256457e+00
1.2003000000e+01 9.2648858940e+01 2.1140765198e+00
1.2005000000e+01 9.3210021791e+01 2.1183146151e+00
1.2006000000e+01 9.3771707383e+01 2.1221663088e+00
1.2008000000e+01 9.4333914745e+01 2.1263787029e+00
1.2009000000e+01 9.4896642912e+01 2.1302044907e+00
1.2010000000e+01 9.5459890921e+01 2.1340172782e+00
1.2012000000e+01 9.6023657814e+01 2.1381910034e+00
1.2013000000e+01 9.6587942637e+01 2.1419778582e+00
1.2014000000e+01 9.7152744441e+01 2.1457517074e+00
1.2015000000e+01 9.7718062283e+01 2.1495125514e+00
1.2016000000e+01 9.8283895221e+01 2.1532603909e+00
1.2016000000e+01 9.8850242320e+01 2.1566209798e+00
1.2017000000e+01 9.9417102647e+01 2.1603427643e+00
1.2018000000e+01 9.9984475274e+01 2.1640515529e+00
1.2019000000e+01 1.0055235928e+02 2.1677473475e+00
1.2019000000e+01 1.0112075374e+02 2.1710557376e+00
1.2020000000e+01 1.0168965775e+02 2.1747255185e+00
1.2020000000e+01 1.0225907039e+02 2.1780078491e+00
1.2020000000e+01 1.0282899075e+02 2.1812771574e+00
1.2021000000e+01 1.0339941793e+02 2.1849079605e+00
1.2021000000e+01 1.0397035104e+02 2.1881512807e+00
1.2021000000e+01 1.0454178917e+02 2.1913816210e+00
1.2021000000e+01 1.0511373144e+02 2.1945989972e+00
1.2021000000e+01 1.0568617696e+02 2.1978034252e+00
1.2021000000e+01 1.0625912485e+02 2.2009949216e+00
1.2021000000e+01 1.0683257422e+02 2.2041735029e+00
1.2021000000e+01 1.0740652420e+02 2.2073391859e+00
1.2020000000e+01 1.0798097393e+02 2.2101174911e+00
1.2020000000e+01 1.0855592252e+02 2.2132574450e+00
1.2020000000e+01 1.0913136912e+02 2.2163845559e+00
1.2019000000e+01 1.0970731287e+02 2.2191244086e+00
1.2019000000e+01 1.1028375290e+02 2.2222259130e+00
1.2019000000e+01 1.1086068838e+02 2.2253146321e+00
1.2018000000e+01 1.1143811844e+02 2.2280162426e+00
1.2017000000e+01 1.1201604224e+02 2.2307051803e+00
1.2017000000e+01 1.1259445894e+02 2.2337557313e+00
1.2016000000e+01 1.1317336770e+02 2.2364193615e+00
1.2015000000e+01 1.1375276769e+02 2.2390704007e+00
1.2014000000e+01 1.1433265807e+02 2.2417088772e+00
1.2014000000e+01 1.1491303802e+02 2.2447088817e+00
1.2013000000e+01 1.1549390671e+02 2.2473222617e+00
1.2012000000e+01 1.1607526332e+02 2.2499231627e+00
1.2011000000e+01 1.1665710703e+02 2.2525116137e+00
1.2010000000e+01 1.1723943703e+02 2.2550876439e+00
1.2008000000e+01 1.1782225251e+02 2.2572775339e+00
1.2007000000e+01 1.1840555266e+02 2.2598288814e+00
1.2006000000e+01 1.1898933667e+02 2.2623678991e+00
1.2005000000e+01 1.1957360375e+02 2.2648946168e+00
1.2004000000e+01 1.2015835310e+02 2.2674090642e+00
1.2002000000e+01 1.2074358392e+02 2.2695379048e+00
1.2001000000e+01 1.2132929542e+02 2.2720279851e+00
1.2000000000e+01 1.2191548682e+02 2.2745058879e+00
1.1998000000e+01 1.2250215733e+02 2.2765985371e+00
1.1997000000e+01 1.2308930617e+02 2.2790522666e+00
1.1995000000e+01 1.2367693256e+02 2.2811209921e+00
1.1994000000e+01 1.2426503573e+02 2.2835506800e+00
1.1992000000e+01 1.2485361490e+02 2.2855956229e+00
1.1990000000e+01 1.2544266931e+02 2.2876287787e+00
1.1989000000e+01 1.2603219818e+02 2.2900227035e+00
1.1987000000e+01 1.2662220077e+02 2.2920322916e+00
1.1985000000e+01 1.2721267630e+02 2.2940302034e+00
1.1983000000e+01 1.2780362403e+02 2.2960164766e+00
1.1982000000e+01 1.2839504319e+02 2.2983632316e+00
1.1980000000e+01 1.2898693304e+02 2.3003262262e+00
1.1978000000e+01 1.2957929284e+02 2.3022776934e+00
1.1976000000e+01 1.3017212183e+02 2.3042176710e+00
1.1974000000e+01 1.3076541927e+02 2.3061461968e+00
1.1972000000e+01 1.3135918443e+02 2.3080633086e+00
1.1970000000e+01 1.3195341657e+02 2.3099690442e+00
1.1968000000e+01 1.3254811496e+02 2.3118634416e+00
1.1966000000e+01 1.3314327886e+02 2.3137465384e+00
1.1964000000e+01 1.3373890756e+02 2.3156183727e+00
1.1962000000e+01 1.3433500032e+02 2.3174789822e+00
1.1960000000e+01 1.3493155643e+02 2.3193284048e+00
1.1957000000e+01 1.3552857516e+02 2.3207960959e+00
1.1955000000e+01 1.3612605580e+02 2.3226233954e+00
1.1953000000e+01 1.3672399765e+02 2.3244396234e+00
1.1951000000e+01 1.3732239997e+02 2.3262448177e+00
1.1948000000e+01 1.3792126208e+02 2.3276689917e+00
1.1946000000e+01 1.3852058326e+02 2.3294523761e+00
1.1944000000e+01 1.3912036282e+02 2.3312248420e+00
1.1941000000e+01 1.3972060004e+02 2.3326168384e+00
1.1939000000e+01 1.4032129424e+02 2.3343677297e+00
1.1937000000e+01 1.4092244473e+02 2.3361078176e+00
1.1934000000e+01 1.4152405080e+02 2.3374680008e+00
1.1932000000e+01 1.4212611178e+02 2.3391867488e+00
1.1929000000e+01 1.4272862696e+02 2.3405259760e+00
1.1927000000e+01 1.4333159568e+02 2.3422235413e+00
1.1924000000e+01 1.4393501725e+02 2.3435419756e+00
1.1922000000e+01 1.4453889099e+02 2.3452185151e+00
1.1919000000e+01 1.4514321623e+02 2.3465163189e+00
1.1916000000e+01 1.4574799228e+02 2.3478039483e+00
1.1914000000e+01 1.4635321849e+02 2.3494493243e+00
1.1911000000e+01 1.4695889418e+02 2.3507165673e+00
1.1908000000e+01 1.4756501868e+02 2.3519737597e+00
1.1906000000e+01 1.4817159133e+02 2.3535883274e+00
1.1903000000e+01 1.4877861148e+02 2.3548253762e+00
1.1900000000e+01 1.4938607845e+02 2.3560524974e+00
1.1898000000e+01 1.4999399160e+02 2.3576366104e+00
1.1895000000e+01 1.5060235027e+02 2.3588438297e+00
1.1892000000e+01 1.5121115382e+02 2.3600412437e+00
1.1889000000e+01 1.5182040158e+02 2.3612288932e+00
1.1886000000e+01 1.5243009291e+02 2.3624068193e+00
1.1884000000e+01 1.5304022718e+02 2.3639410750e+00
1.1881000000e+01 1.5365080373e+02 2.3650995006e+00
1.1878000000e+01 1.5426182192e+02 2.3662483237e+00
1.1875000000e+01 1.5487328113e+02 2.3673875850e+00
1.1872000000e+01 1.5548518071e+02 2.3685173248e+00
1.1869000000e+01 1.5609752003e+02 2.3696375835e+00
1.1866000000e+01 1.5671029847e+02 2.3707484014e+00
1.1863000000e+01 1.5732351538e+02 2.3718498185e+00
1.1860000000e+01 1.5793717015e+02 2.3729418751e+00
1.1857000000e+01 1.5855126216e+02 2.3740246110e+00
1.1854000000e+01 1.5916579077e+02 2.3750980661e+00
1.1851000000e+01 1.5978075537e+02 2.3761622802e+00
1.1848000000e+01 1.6039615535e+02 2.3772172928e+00
1.1845000000e+01 1.6101199009e+02 2.3782631437e+00
1.1842000000e+01 1.6162825897e+02 2.3792998722e+00
1.1839000000e+01 1.6224496138e+02 2.3803275177e+00
1.1836000000e+01 1.6286209673e+02 2.3813461194e+00
1.1833000000e+01 1.6347966439e+02 2.3823557165e+00
1.1829000000e+01 1.6409766376e+02 2.3829936582e+00
1.1826000000e+01 1.6471609425e+02 2.3839855568e+00
1.1823000000e+01 1.6533495525e+02 2.3849685685e+00
1.1820000000e+01 1.6595424616e+02 2.3859427320e+00
1.1817000000e+01 1.6657396640e+02 2.3869080860e+00
1.1814000000e+01 1.6719411535e+02 2.3878646689e+00
1.1810000000e+01 1.6781469244e+02 2.3884509969e+00
1.1807000000e+01 1.6843569707e+02 2.3893903515e+00
1.1804000000e+01 1.6905712866e+02 2.3903210507e+00
1.1801000000e+01 1.6967898661e+02 2.3912431326e+00
1.1797000000e+01 1.7030127035e+02 2.3917959047e+00
1.1794000000e+01 1.7092397929e+02 2.3927010675e+00
1.1791000000e+01 1.7154711285e+02 2.3935977273e+00
1.1788000000e+01 1.7217067046e+02 2.3944859218e+00
1.1784000000e+01 1.7279465153e+02 2.3950057614e+00
1.1781000000e+01 1.7341905551e+02 2.3958773422e+00
1.1778000000e+01 1.7404388180e+02 2.3967405707e+00
1.1774000000e+01 1.7466912985e+02 2.3972361644e+00
1.1771000000e+01 1.7529479908e+02 2.3980830061e+00
1.1768000000e+01 1.7592088893e+02 2.3989216072e+00
1.1764000000e+01 1.7654739883e+02 2.3993932986e+00
1.1761000000e+01 1.7717432823e+02 2.4002157376e+00
1.1758000000e+01 1.7780167655e+02 2.4010300469e+00
1.1754000000e+01 1.7842944325e+02 2.4014781757e+00
1.1751000000e+01 1.7905762776e+02 2.4022765453e+00
1.1747000000e+01 1.7968622954e+02 2.4027092203e+00
1.1744000000e+01 1.8031524802e+02 2.4034917977e+00
1.1741000000e+01 1.8094468265e+02 2.4042664279e+00
1.1737000000e+01 1.8157453289e+02 2.4046760993e+00
1.1734000000e+01 1.8220479819e+02 2.4054351560e+00
1.1730000000e+01 1.8283547800e+02 2.4058297437e+00
1.1727000000e+01 1.8346657178e+02 2.4065733717e+00
1.1723000000e+01 1.8409807898e+02 2.4069530220e+00
1.1720000000e+01 1.8472999907e+02 2.4076813653e+00
1.1716000000e+01 1.8536233151e+02 2.4080462235e+00
1.1713000000e+01 1.8599507575e+02 2.4087594249e+00
1.1709000000e+01 1.8662823127e+02 2.4091096350e+00
1.1706000000e+01 1.8726179752e+02 2.4098078365e+00
1.1702000000e+01 1.8789577399e+02 2.4101435417e+00
1.1699000000e+01 1.8853016013e+02 2.4108268839e+00
1.1695000000e+01 1.8916495543e+02 2.4111482262e+00
1.1692000000e+01 1.8980015934e+02 2.4118168491e+00
1.1688000000e+01 1.9043577136e+02 2.4121239692e+00
1.1685000000e+01 1.9107179095e+02 2.4127780115e+00
1.1681000000e+01 1.9170821759e+02 2.4130710494e+00
1.1678000000e+01 1.9234505076e+02 2.4137106489e+00
1.1674000000e+01 1.9298228995e+02 2.4139897432e+00
1.1671000000e+01 1.9361993464e+02 2.4146150365e+00
1.1667000000e+01 1.9425798431e+02 2.4148803250e+00
1.1663000000e+01 1.9489643844e+02 2.4151388675e+00
1.1660000000e+01 1.9553529654e+02 2.4157430670e+00
1.1656000000e+01 1.9617455808e+02 2.4159880083e+00
1.1653000000e+01 1.9681422256e+02 2.4165782395e+00
1.1649000000e+01 1.9745428947e+02 2.4168097145e+00
1.1646000000e+01 1.9809475831e+02 2.4173861103e+00
1.1642000000e+01 1.9873562857e+02 2.4176042529e+00
1.1638000000e+01 1.9937689975e+02 2.4178158858e+00
1.1635000000e+01 2.0001857135e+02 2.4183718886e+00
1.1631000000e+01 2.0066064287e+02 2.4185703880e+00
1.1627000000e+01 2.0130311381e+02 2.4187624768e+00
1.1624000000e+01 2.0194598368e+02 2.4192983813e+00
1.1620000000e+01 2.0258925198e+02 2.4194775333e+00
1.1617000000e+01 2.0323291822e+02 2.4200001255e+00
1.1613000000e+01 2.0387698191e+02 2.4201664701e+00
1.1609000000e+01 2.0452144255e+02 2.4203265666e+00
1.1606000000e+01 2.0516629967e+02 2.4208295438e+00
1.1602000000e+01 2.0581155276e+02 2.4209770254e+00
1.1598000000e+01 2.0645720136e+02 2.4211183549e+00
1.1595000000e+01 2.0710324496e+02 2.4216020024e+00
1.1591000000e+01 2.0774968310e+02 2.4217309072e+00
1.1587000000e+01 2.0839651529e+02 2.4218537544e+00
1.1584000000e+01 2.0904374105e+02 2.4223183543e+00
1.1580000000e+01 2.0969135990e+02 2.4224289644e+00
1.1576000000e+01 2.1033937136e+02 2.4225336106e+00
1.1573000000e+01 2.1098777497e+02 2.4229794412e+00
1.1569000000e+01 2.1163657024e+02 2.4230720356e+00
1.1565000000e+01 2.1228575670e+02 2.4231587582e+00
1.1562000000e+01 2.1293533389e+02 2.4235860947e+00
1.1558000000e+01 2.1358530134e+02 2.4236609484e+00
1.1554000000e+01 2.1423565856e+02 2.4237300213e+00
1.1551000000e+01 2.1488640511e+02 2.4241391354e+00
1.1547000000e+01 2.1553754051e+02 2.4241965200e+00
1.1543000000e+01 2.1618906431e+02 2.4242482137e+00
1.1539000000e+01 2.1684097602e+02 2.4242942461e+00
1.1536000000e+01 2.1749327521e+02 2.4246795571e+00
1.1532000000e+01 2.1814596140e+02 2.4247141384e+00
1.1528000000e+01 2.1879903414e+02 2.4247431467e+00
1.1525000000e+01 2.1945249297e+02 2.4251108561e+00
1.1521000000e+01 2.2010633744e+02 2.4251285884e+00
1.1517000000e+01 2.2076056708e+02 2.4251408347e+00
1.1514000000e+01 2.2141518146e+02 2.4254912028e+00
1.1510000000e+01 2.2207018011e+02 2.4254923459e+00
1.1506000000e+01 2.2272556259e+02 2.4254880890e+00
1.1502000000e+01 2.2338132844e+02 2.4254784603e+00
1.1499000000e+01 2.2403747722e+02 2.4258061834e+00
1.1495000000e+01 2.2469400849e+02 2.4257856784e+00
1.1491000000e+01 2.2535092179e+02 2.4257598861e+00
1.1488000000e+01 2.2600821669e+02 2.4260708626e+00
1.1484000000e+01 2.2666589274e+02 2.4260343615e+00
1.1480000000e+01 2.2732394950e+02 2.4259926563e+00
1.1476000000e+01 2.2798238653e+02 2.4259457743e+00
1.1473000000e+01 2.2864120338e+02 2.4262348870e+00
1.1469000000e+01 2.2930039964e+02 2.4261775161e+00
1.1465000000e+01 2.2995997485e+02 2.4261150502e+00
1.1461000000e+01 2.3061992858e+02 2.4260475162e+00
1.1458000000e+01 2.3128026040e+02 2.4263152008e+00
1.1454000000e+01 2.3194096988e+02 2.4262373938e+00
1.1450000000e+01 2.3260205658e+02 2.4261545989e+00
1.1447000000e+01 2.3326352008e+02 2.4264064357e+00
1.1443000000e+01 2.3392535995e+02 2.4263135272e+00
1.1439000000e+01 2.3458757575e+02 2.4262157099e+00
1.1435000000e+01 2.3525016706e+02 2.4261130098e+00
1.1432000000e+01 2.3591313347e+02 2.4263441627e+00
1.1428000000e+01 2.3657647453e+02 2.4262315581e+00
1.1424000000e+01 2.3724018984e+02 2.4261141483e+00
1.1420000000e+01 2.3790427896e+02 2.4259919590e+00
1.1417000000e+01 2.3856874149e+02 2.4262028429e+00
1.1413000000e+01 2.3923357699e+02 2.4260709544e+00
1.1409000000e+01 2.3989878506e+02 2.4259343624e+00
1.1406000000e+01 2.4056436526e+02 2.4261302543e+00
1.1402000000e+01 2.4123031720e+02 2.4259841146e+00
1.1398000000e+01 2.4189664046e+02 2.4258333466e+00
1.1394000000e+01 2.4256333461e+02 2.4256779750e+00
1.1391000000e+01 2.4323039925e+02 2.4258543062e+00
1.1387000000e+01 2.4389783397e+02 2.4256895855e+00
1.1383000000e+01 2.4456563836e+02 2.4255203350e+00
1.1379000000e+01 2.4523381200e+02 2.4253465789e+00
1.1376000000e+01 2.4590235450e+02 2.4255037441e+00
1.1372000000e+01 2.4657126544e+02 2.4253208339e+00
1.1368000000e+01 2.4724054442e+02 2.4251334904e+00
1.1365000000e+01 2.4791019104e+02 2.4252764779e+00
1.1361000000e+01 2.4858020489e+02 2.4250801241e+00
1.1357000000e+01 2.4925058556e+02 2.4248794083e+00
1.1353000000e+01 2.4992133267e+02 2.4246743540e+00
1.1350000000e+01 2.5059244580e+02 2.4247988491e+00
1.1346000000e+01 2.5126392457e+02 2.4245849731e+00
1.1342000000e+01 2.5193576856e+02 2.4243668285e+00
1.1338000000e+01 2.5260797739e+02 2.4241444383e+00
1.1335000000e+01 2.5328055066e+02 2.4242508162e+00
1.1331000000e+01 2.5395348798e+02 2.4240197894e+00
1.1327000000e+01 2.5462678895e+02 2.4237845855e+00
1.1324000000e+01 2.5530045317e+02 2.4238775600e+00
1.1320000000e+01 2.5597448027e+02 2.4236338561e+00
1.1316000000e+01 2.5664886984e+02 2.4233860428e+00
1.1312000000e+01 2.5732362150e+02 2.4231341422e+00
1.1309000000e+01 2.5799873486e+02 2.4232096396e+00
1.1305000000e+01 2.5867420954e+02 2.4229494180e+00
1.1301000000e+01 2.5935004514e+02 2.4226851754e+00
1.1298000000e+01 2.6002624128e+02 2.4227477419e+00
1.1294000000e+01 2.6070279758e+02 2.4224753104e+00
1.1290000000e+01 2.6137971366e+02 2.4221989231e+00
1.1286000000e+01 2.6205698913e+02 2.4219186017e+00
1.1283000000e+01 2.6273462361e+02 2.4219643106e+00
1.1279000000e+01 2.6341261672e+02 2.4216759734e+00
1.1275000000e+01 2.6409096809e+02 2.4213837659e+00
1.1272000000e+01 2.6476967733e+02 2.4214170012e+00
1.1268000000e+01 2.6544874407e+02 2.4211169055e+00
1.1264000000e+01 2.6612816792e+02 2.4208130028e+00
1.1261000000e+01 2.6680794853e+02 2.4208339559e+00
1.1257000000e+01 2.6748808551e+02 2.4205222908e+00
1.1253000000e+01 2.6816857849e+02 2.4202068809e+00
1.1249000000e+01 2.6884942709e+02 2.4198877464e+00
1.1246000000e+01 2.6953063096e+02 2.4198926922e+00
1.1242000000e+01 2.7021218970e+02 2.4195659603e+00
1.1238000000e+01 2.7089410297e+02 2.4192355648e+00
1.1235000000e+01 2.7157637038e+02 2.4192286647e+00
1.1231000000e+01 2.7225899158e+02 2.4188907933e+00
1.1227000000e+01 2.7294196619e+02 2.4185493185e+00
1.1224000000e+01 2.7362529385e+02 2.4185307549e+00
1.1220000000e+01 2.7430897420e+02 2.4181819241e+00
1.1216000000e+01 2.7499300687e+02 2.4178295489e+00
1.1213000000e+01 2.7567739149e+02 2.4177995020e+00
1.1209000000e+01 2.7636212772e+02 2.4174398889e+00
1.1205000000e+01 2.7704721518e+02 2.4170767898e+00
1.1202000000e+01 2.7773265352e+02 2.4170354369e+00
1.1198000000e+01 2.7841844238e+02 2.4166652162e+00
1.1194000000e+01 2.7910458139e+02 2.4162915670e+00
1.1191000000e+01 2.7979107021e+02 2.4162390830e+00
1.1187000000e+01 2.8047790848e+02 2.4158584269e+00
1.1183000000e+01 2.8116509584e+02 2.4154743987e+00
1.1180000000e+01 2.8185263194e+02 2.4154109561e+00
1.1176000000e+01 2.8254051642e+02 2.4150200340e+00
1.1172000000e+01 2.8322874894e+02 2.4146257956e+00
1.1169000000e+01 2.8391732913e+02 2.4145515642e+00
1.1165000000e+01 2.8460625665e+02 2.4141505433e+00
1.1161000000e+01 2.8529553116e+02 2.4137462608e+00
1.1158000000e+01 2.8598515229e+02 2.4136614083e+00
1.1154000000e+01 2.8667511970e+02 2.4132504529e+00
1.1150000000e+01 2.8736543305e+02 2.4128362901e+00
1.1147000000e+01 2.8805609199e+02 2.4127409815e+00
1.1143000000e+01 2.8874709618e+02 2.4123202538e+00
1.1140000000e+01 2.8943844526e+02 2.4122179911e+00
1.1136000000e+01 2.9013013889e+02 2.4117907699e+00
1.1132000000e+01 2.9082217674e+02 2.4113604297e+00
1.1129000000e+01 2.9151455846e+02 2.4112479809e+00
1.1125000000e+01 2.9220728371e+02 2.4108112525e+00
1.1121000000e+01 2.9290035214e+02 2.4103714570e+00
1.1118000000e+01 2.9359376342e+02 2.4102489810e+00
1.1114000000e+01 2.9428751722e+02 2.4098029011e+00
1.1111000000e+01 2.9498161318e+02 2.4096737541e+00
1.1107000000e+01 2.9567605098e+02 2.4092214584e+00
1.1103000000e+01 2.9637083028e+02 2.4087661805e+00
1.1100000000e+01 2.9706595075e+02 2.4086272660e+00
1.1096000000e+01 2.9776141204e+02 2.4081658735e+00
1.1093000000e+01 2.9845721382e+02 2.4080204595e+00
1.1089000000e+01 2.9915335577e+02 2.4075530193e+00
1.1085000000e+01 2.9984983755e+02 2.4070826796e+00
1.1082000000e+01 3.0054665883e+02 2.4069277516e+00
1.1078000000e+01 3.0124381928e+02 2.4064514629e+00
1.1075000000e+01 3.0194131856e+02 2.4062902028e+00
1.1071000000e+01 3.0263915636e+02 2.4058080304e+00
1.1067000000e+01 3.0333733234e+02 2.4053230390e+00
1.1064000000e+01 3.0403584617e+02 2.4051525123e+00
1.1060000000e+01 3.0473469753e+02 2.4046617335e+00
1.1057000000e+01 3.0543388609e+02 2.4044850380e+00
1.1053000000e+01 3.0613341153e+02 2.4039885352e+00
1.1050000000e+01 3.0683327352e+02 2.4038057352e+00
1.1046000000e+01 3.0753347174e+02 2.4033035715e+00
1.1042000000e+01 3.0823400587e+02 2.4027986984e+00
1.1039000000e+01 3.0893487559e+02 2.4026069684e+00
1.1035000000e+01 3.0963608056e+02 2.4020965273e+00
1.1032000000e+01 3.1033762049e+02 2.4018988506e+00
1.1028000000e+01 3.1103949503e+02 2.4013829028e+00
1.1025000000e+01 3.1174170389e+02 2.4011793416e+00
1.1021000000e+01 3.1244424673e+02 2.4006579479e+00
1.1018000000e+01 3.1314712324e+02 2.4004485638e+00
1.1014000000e+01 3.1385033310e+02 2.3999217844e+00
1.1010000000e+01 3.1455387600e+02 2.3993924308e+00
1.1007000000e+01 3.1525775163e+02 2.3991745327e+00
1.1003000000e+01 3.1596195966e+02 2.3986398821e+00
1.1000000000e+01 3.1666649979e+02 2.3984163121e+00
1.0996000000e+01 3.1737137171e+02 2.3978764232e+00
1.0993000000e+01 3.1807657509e+02 2.3976472407e+00
1.0989000000e+01 3.1878210963e+02 2.3971021715e+00
1.0986000000e+01 3.1948797502e+02 2.3968674356e+00
1.0982000000e+01 3.2019417095e+02 2.3963172435e+00
1.0979000000e+01 3.2090069711e+02 2.3960770124e+00
1.0975000000e+01 3.2160755319e+02 2.3955217544e+00
1.0972000000e+01 3.2231473889e+02 2.3952760858e+00
1.0968000000e+01 3.2302225389e+02 2.3947158182e+00
1.0965000000e+01 3.2373009789e+02 2.3944647694e+00
1.0961000000e+01 3.2443827059e+02 2.3938995478e+00
1.0958000000e+01 3.2514677167e+02 2.3936431754e+00
1.0954000000e+01 3.2585560084e+02 2.3930730550e+00
1.0951000000e+01 3.2656475780e+02 2.3928114151e+00
1.0947000000e+01 3.2727424223e+02 2.3922364506e+00
1.0944000000e+01 3.2798405384e+02 2.3919695986e+00
1.0940000000e+01 3.2869419233e+02 2.3913898440e+00
1.0937000000e+01 3.2940465739e+02 2.3911178350e+00
1.0933000000e+01 3.3011544873e+02 2.3905333438e+00
1.0930000000e+01 3.3082656605e+02 2.3902562322e+00
1.0926000000e+01 3.3153800904e+02 2.3896670573e+00
1.0923000000e+01 3.3224977741e+02 2.3893848969e+00
1.0919000000e+01 3.3296187087e+02 2.3887910909e+00
1.0916000000e+01 3.3367428911e+02 2.3885039352e+00
1.0913000000e+01 3.3438703184e+02 2.3882141991e+00
1.0909000000e+01 3.3510009877e+02 2.3876134515e+00
1.0906000000e+01 3.3581348959e+02 2.3873187995e+00
1.0902000000e+01 3.3652720403e+02 2.3867135496e+00
1.0899000000e+01 3.3724124178e+02 2.3864140337e+00
1.0895000000e+01 3.3795560255e+02 2.3858043322e+00
1.0892000000e+01 3.3867028604e+02 2.3855000038e+00
1.0888000000e+01 3.3938529198e+02 2.3848859008e+00
1.0885000000e+01 3.4010062006e+02 2.3845768110e+00
1.0882000000e+01 3.4081627000e+02 2.3842652583e+00
1.0878000000e+01 3.4153224151e+02 2.3836445553e+00
1.0875000000e+01 3.4224853430e+02 2.3833283172e+00
1.0871000000e+01 3.4296514808e+02 2.3827033358e+00
1.0868000000e+01 3.4368208257e+02 2.3823824619e+00
1.0865000000e+01 3.4439933747e+02 2.3820591883e+00
1.0861000000e+01 3.4511691250e+02 2.3814277902e+00
1.0858000000e+01 3.4583480738e+02 2.3810999549e+00
1.0854000000e+01 3.4655302182e+02 2.3804643985e+00
1.0851000000e+01 3.4727155554e+02 2.3801320501e+00
1.0848000000e+01 3.4799040826e+02 2.3797973635e+00
1.0844000000e+01 3.4870957968e+02 2.3791555690e+00
1.0841000000e+01 3.4942906954e+02 2.3788164415e+00
1.0837000000e+01 3.5014887754e+02 2.3781706059e+00
1.0834000000e+01 3.5086900340e+02 2.3778270848e+00
1.0831000000e+01 3.5158944686e+02 2.3774812856e+00
1.0827000000e+01 3.5231020761e+02 2.3768293861e+00
1.0824000000e+01 3.5303128540e+02 2.3764792638e+00
1.0821000000e+01 3.5375267993e+02 2.3761268988e+00
1.0817000000e+01 3.5447439094e+02 2.3754690379e+00
1.0814000000e+01 3.5519641814e+02 2.3751124192e+00
1.0810000000e+01 3.5591876125e+02 2.3744506984e+00
1.0807000000e+01 3.5664142001e+02 2.3740898715e+00
1.0804000000e+01 3.5736439413e+02 2.3737268597e+00
1.0800000000e+01 3.5808768334e+02 2.3730593447e+00
1.0797000000e+01 3.5881128736e+02 2.3726921923e+00
1.0794000000e+01 3.5953520593e+02 2.3723228892e+00
1.0790000000e+01 3.6025943877e+02 2.3716496783e+00
1.0787000000e+01 3.6098398560e+02 2.3712763013e+00
1.0784000000e+01 3.6170884616e+02 2.3709008070e+00
1.0780000000e+01 3.6243402018e+02 2.3702219973e+00
1.0777000000e+01 3.6315950737e+02 2.3698424949e+00
1.0774000000e+01 3.6388530748e+02 2.3694609082e+00
1.0770000000e+01 3.6461142023e+02 2.3687765951e+00
1.0767000000e+01 3.6533784535e+02 2.3683910650e+00
1.0764000000e+01 3.6606458258e+02 2.3680034833e+00
1.0760000000e+01 3.6679163164e+02 2.3673137607e+00
1.0757000000e+01 3.6751899228e+02 2.3669222993e+00
1.0754000000e+01 3.6824666422e+02 2.3665288184e+00
1.0751000000e+01 3.6897464720e+02 2.3661333286e+00
1.0747000000e+01 3.6970294095e+02 2.3654364811e+00
1.0744000000e+01 3.7043154521e+02 2.3650371953e+00
1.0741000000e+01 3.7116045970e+02 2.3646359322e+00
1.0737000000e+01 3.7188968418e+02 2.3639338894e+00
1.0734000000e+01 3.7261921837e+02 2.3635288919e+00
1.0731000000e+01 3.7334906202e+02 2.3631219480e+00
1.0728000000e+01 3.7407921485e+02 2.3627130681e+00
1.0724000000e+01 3.7480967662e+02 2.3620041814e+00
1.0721000000e+01 3.7554044705e+02 2.3615916480e+00
1.0718000000e+01 3.7627152589e+02 2.3611772089e+00
1.0714000000e+01 3.7700291288e+02 2.3604633333e+00
1.0711000000e+01 3.7773460775e+02 2.3600453002e+00
1.0708000000e+01 3.7846661025e+02 2.3596253913e+00
1.0705000000e+01 3.7919892013e+02 2.3592036169e+00
1.0701000000e+01 3.7993153711e+02 2.3584831686e+00
1.0698000000e+01 3.8066446095e+02 2.3580578780e+00
1.0695000000e+01 3.8139769139e+02 2.3576307512e+00
1.0692000000e+01 3.8213122817e+02 2.3572017978e+00
1.0688000000e+01 3.8286507104e+02 2.3564749277e+00
1.0685000000e+01 3.8359921974e+02 2.3560425348e+00
1.0682000000e+01 3.8433367402e+02 2.3556083442e+00
1.0679000000e+01 3.8506843362e+02 2.3551723655e+00
1.0676000000e+01 3.8580349829e+02 2.3547346082e+00
1.0672000000e+01 3.8653886778e+02 2.3539998779e+00
1.0669000000e+01 3.8727454183e+02 2.3535587747e+00
1.0666000000e+01 3.8801052019e+02 2.3531159212e+00
1.0663000000e+01 3.8874680261e+02 2.3526713265e+00
1.0659000000e+01 3.8948338884e+02 2.3519305027e+00
1.0656000000e+01 3.9022027863e+02 2.3514826353e+00
1.0653000000e+01 3.9095747174e+02 2.3510330544e+00
1.0650000000e+01 3.9169496790e+02 2.3505817691e+00
1.0647000000e+01 3.9243276687e+02 2.3501287886e+00
1.0644000000e+01 3.9317086840e+02 2.3496741221e+00
1.0640000000e+01 3.9390927225e+02 2.3489243428e+00
1.0637000000e+01 3.9464797817e+02 2.3484665108e+00
1.0634000000e+01 3.9538698591e+02 2.3480070194e+00
1.0631000000e+01 3.9612629522e+02 2.3475458775e+00
1.0628000000e+01 3.9686590586e+02 2.3470830941e+00
1.0624000000e+01 3.9760581758e+02 2.3463261149e+00
1.0621000000e+01 3.9834603014e+02 2.3458602528e+00
1.0618000000e+01 3.9908654330e+02 2.3453927753e+00
1.0615000000e+01 3.9982735680e+02 2.3449236911e+00
1.0612000000e+01 4.0056847042e+02 2.3444530087e+00
1.0609000000e+01 4.0130988389e+02 2.3439807368e+00
1.0605000000e+01 4.0205159699e+02 2.3432153621e+00
1.0602000000e+01 4.0279360947e+02 2.3427401131e+00
1.0599000000e+01 4.0353592109e+02 2.3422633000e+00
1.0596000000e+01 4.0427853160e+02 2.3417849311e+00
1.0593000000e+01 4.0502144077e+02 2.3413050149e+00
1.0590000000e+01 4.0576464836e+02 2.3408235597e+00
1.0587000000e+01 4.0650815412e+02 2.3403405740e+00
1.0584000000e+01 4.0725195783e+02 2.3398560659e+00
1.0580000000e+01 4.0799605923e+02 2.3390799003e+00
1.0577000000e+01 4.0874045810e+02 2.3385925460e+00
1.0574000000e+01 4.0948515419e+02 2.3381036937e+00
1.0571000000e+01 4.1023014727e+02 2.3376133515e+00
1.0568000000e+01 4.1097543710e+02 2.3371215276e+00
1.0565000000e+01 4.1172102344e+02 2.3366282299e+00
1.0562000000e+01 4.1246690606e+02 2.3361334665e+00
1.0559000000e+01 4.1321308473e+02 2.3356372453e+00
1.0556000000e+01 4.1395955921e+02 2.3351395743e+00
1.0552000000e+01 4.1470632926e+02 2.3343518478e+00
1.0549000000e+01 4.1545339465e+02 2.3338514718e+00
1.0546000000e+01 4.1620075515e+02 2.3333496691e+00
1.0543000000e+01 4.1694841053e+02 2.3328464477e+00
1.0540000000e+01 4.1769636055e+02 2.3323418152e+00
1.0537000000e+01 4.1844460498e+02 2.3318357793e+00
1.0534000000e+01 4.1919314358e+02 2.3313283477e+00
1.0531000000e+01 4.1994197614e+02 2.3308195281e+00
1.0528000000e+01 4.2069110241e+02 2.3303093279e+00
1.0525000000e+01 4.2144052217e+02 2.3297977549e+00
1.0522000000e+01 4.2219023519e+02 2.3292848163e+00
1.0519000000e+01 4.2294024124e+02 2.3287705199e+00
1.0516000000e+01 4.2369054008e+02 2.3282548728e+00
1.0513000000e+01 4.2444113150e+02 2.3277378827e+00
1.0510000000e+01 4.2519201526e+02 2.3272195568e+00
1.0506000000e+01 4.2594319114e+02 2.3264137986e+00
1.0503000000e+01 4.2669465891e+02 2.3258929896e+00
1.0500000000e+01 4.2744641833e+02 2.3253708663e+00
1.0497000000e+01 4.2819846920e+02 2.3248474361e+00
1.0494000000e+01 4.2895081127e+02 2.3243227061e+00
1.0491000000e+01 4.2970344433e+02 2.3237966835e+00
1.0488000000e+01 4.3045636815e+02 2.3232693754e+00
1.0485000000e+01 4.3120958251e+02 2.3227407888e+00
1.0482000000e+01 4.3196308718e+02 2.3222109308e+00
1.0479000000e+01 4.3271688193e+02 2.3216798085e+00
1.0476000000e+01 4.3347096655e+02 2.3211474287e+00
1.0473000000e+01 4.3422534082e+02 2.3206137985e+00
1.0470000000e+01 4.3498000450e+02 2.3200789247e+00
1.0467000000e+01 4.3573495739e+02 2.3195428142e+00
1.0464000000e+01 4.3649019925e+02 2.3190054739e+00
1.0461000000e+01 4.3724572987e+02 2.3184669105e+00
1.0458000000e+01 4.3800154902e+02 2.3179271308e+00
1.0455000000e+01 4.3875765649e+02 2.3173861416e+00
1.0452000000e+01 4.3951405205e+02 2.3168439495e+00
1.0449000000e+01 4.4027073549e+02 2.3163005613e+00
1.0446000000e+01 4.4102770659e+02 2.3157559836e+00
1.0443000000e+01 4.4178496513e+02 2.3152102229e+00
1.0440000000e+01 4.4254251089e+02 2.3146632859e+00
1.0437000000e+01 4.4330034365e+02 2.3141151790e+00
1.0434000000e+01 4.4405846320e+02 2.3135659089e+00
1.0431000000e+01 4.4481686932e+02 2.3130154819e+00
1.0429000000e+01 4.4557556179e+02 2.3127457801e+00
1.0426000000e+01 4.4633454040e+02 2.3121929001e+00
1.0423000000e+01 4.4709380493e+02 2.3116388829e+00
1.0420000000e+01 4.4785335517e+02 2.3110837347e+00
1.0417000000e+01 4.4861319089e+02 2.3105274618e+00
1.0414000000e+01 4.4937331190e+02 2.3099700706e+00
1.0411000000e+01 4.5013371797e+02 2.3094115673e+00
1.0408000000e+01 4.5089440889e+02 2.3088519582e+00
1.0405000000e+01 4.5165538444e+02 2.3082912493e+00
1.0402000000e+01 4.5241664442e+02 2.3077294470e+00
1.0399000000e+01 4.5317818861e+02 2.3071665572e+00
1.0396000000e+01 4.5394001680e+02 2.3066025861e+00
1.0393000000e+01 4.5470212878e+02 2.3060375399e+00
1.0390000000e+01 4.5546452433e+02 2.3054714244e+00
1.0387000000e+01 4.5622720325e+02 2.3049042458e+00
1.0385000000e+01 4.5699016532e+02 2.3046155147e+00
1.0382000000e+01 4.5775341034e+02 2.3040460734e+00
1.0379000000e+01 4.5851693810e+02 2.3034755872e+00
1.0376000000e+01 4.5928074838e+02 2.3029040618e+00
1.0373000000e+01 4.6004484098e+02 2.3023315031e+00
1.0370000000e+01 4.6080921569e+02 2.3017579170e+00
1.0367000000e+01 4.6157387230e+02 2.3011833093e+00
1.0364000000e+01 4.6233881061e+02 2.3006076857e+00
1.0361000000e+01 4.6310403040e+02 2.3000310520e+00
1.0359000000e+01 4.6386953146e+02 2.2997315185e+00
1.0356000000e+01 4.6463531361e+02 2.2991527302e+00
1.0353000000e+01 4.6540137661e+02 2.2985729491e+00
1.0350000000e+01 4.6616772028e+02 2.2979921809e+00
1.0347000000e+01 4.6693434441e+02 2.2974104311e+00
1.0344000000e+01 4.6770124878e+02 2.2968277055e+00
1.0341000000e+01 4.6846843320e+02 2.2962440095e+00
1.0338000000e+01 4.6923589746e+02 2.2956593486e+00
1.0336000000e+01 4.7000364136e+02 2.2953506054e+00
1.0333000000e+01 4.7077166469e+02 2.2947638820e+00
1.0330000000e+01 4.7153996725e+02 2.2941762105e+00
1.0327000000e+01 4.7230854884e+02 2.2935875961e+00
1.0324000000e+01 4.7307740926e+02 2.2929980445e+00
1.0321000000e+01 4.7384654829e+02 2.2924075608e+00
1.0319000000e+01 4.7461596575e+02 2.2920921131e+00
1.0316000000e+01 4.7538566143e+02 2.2914996339e+00
1.0313000000e+01 4.7615563513e+02 2.2909062388e+00
1.0310000000e+01 4.7692588665e+02 2.2903119332e+00
1.0307000000e+01 4.7769641578e+02 2.2897167223e+00
1.0304000000e+01 4.7846722234e+02 2.2891206112e+00
1.0302000000e+01 4.7923830611e+02 2.2887986638e+00
1.0299000000e+01 4.8000966690e+02 2.2882006222e+00
1.0296000000e+01 4.8078130451e+02 2.2876016962e+00
1.0293000000e+01 4.8155321875e+02 2.2870018909e+00
1.0290000000e+01 4.8232540941e+02 2.2864012114e+00
1.0288000000e+01 4.8309787629e+02 2.2860739717e+00
1.0285000000e+01 4.8387061920e+02 2.2854714145e+00
1.0282000000e+01 4.8464363795e+02 2.2848679984e+00
1.0279000000e+01 4.8541693233e+02 2.2842637284e+00
1.0276000000e+01 4.8619050215e+02 2.2836586096e+00
1.0274000000e+01 4.8696434721e+02 2.2833262130e+00
1.0271000000e+01 4.8773846732e+02 2.2827192680e+00
1.0268000000e+01 4.8851286229e+02 2.2821114889e+00
1.0265000000e+01 4.8928753190e+02 2.2815028808e+00
1.0263000000e+01 4.9006247598e+02 2.2811664211e+00
1.0260000000e+01 4.9083769433e+02 2.2805560273e+00
1.0257000000e+01 4.9161318676e+02 2.2799448191e+00
1.0254000000e+01 4.9238895306e+02 2.2793328012e+00
1.0251000000e+01 4.9316499305e+02 2.2787199783e+00
1.0249000000e+01 4.9394130654e+02 2.2783785979e+00
1.0246000000e+01 4.9471789332e+02 2.2777640387e+00
1.0243000000e+01 4.9549475322e+02 2.2771486889e+00
1.0240000000e+01 4.9627188603e+02 2.2765325532e+00
1.0238000000e+01 4.9704929157e+02 2.2761872949e+00
1.0235000000e+01 4.9782696965e+02 2.2755694616e+00
1.0232000000e+01 4.9860492007e+02 2.2749508563e+00
1.0229000000e+01 4.9938314264e+02 2.2743314837e+00
1.0227000000e+01 5.0016163717e+02 2.2739824276e+00
1.0224000000e+01 5.0094040348e+02 2.2733613954e+00
1.0221000000e+01 5.0171944137e+02 2.2727396096e+00
1.0219000000e+01 5.0249875066e+02 2.2723877166e+00
1.0216000000e+01 5.0327833115e+02 2.2717642993e+00
1.0213000000e+01 5.0405818266e+02 2.2711401420e+00
1.0210000000e+01 5.0483830500e+02 2.2705152491e+00
1.0208000000e+01 5.0561869798e+02 2.2701596951e+00
1.0205000000e+01 5.0639936141e+02 2.2695332074e+00
1.0202000000e+01 5.0718029511e+02 2.2689059974e+00
1.0200000000e+01 5.0796149889e+02 2.2685477078e+00
1.0197000000e+01 5.0874297256e+02 2.2679189303e+00
1.0194000000e+01 5.0952471594e+02 2.2672894436e+00
1.0192000000e+01 5.1030672883e+02 2.2669284609e+00
1.0189000000e+01 5.1108901106e+02 2.2662974335e+00
1.0186000000e+01 5.1187156244e+02 2.2656657098e+00
1.0183000000e+01 5.1265438279e+02 2.2650332940e+00
1.0181000000e+01 5.1343747191e+02 2.2646688381e+00
1.0178000000e+01 5.1422082963e+02 2.2640349165e+00
1.0175000000e+01 5.1500445576e+02 2.2634003155e+00
1.0173000000e+01 5.1578835012e+02 2.2630332633e+00
1.0170000000e+01 5.1657251252e+02 2.2623971825e+00
1.0167000000e+01 5.1735694279e+02 2.2617604347e+00
1.0165000000e+01 5.1814164073e+02 2.2613908267e+00
1.0162000000e+01 5.1892660616e+02 2.2607526247e+00
1.0159000000e+01 5.1971183891e+02 2.2601137681e+00
1.0157000000e+01 5.2049733880e+02 2.2597416443e+00
1.0154000000e+01 5.2128310563e+02 2.2591013586e+00
1.0151000000e+01 5.2206913923e+02 2.2584604303e+00
1.0149000000e+01 5.2285543941e+02 2.2580858302e+00
1.0146000000e+01 5.2364200601e+02 2.2574434977e+00
1.0144000000e+01 5.2442883883e+02 2.2570672173e+00
1.0141000000e+01 5.2521593770e+02 2.2564234971e+00
1.0138000000e+01 5.2600330243e+02 2.2557791543e+00
1.0136000000e+01 5.2679093285e+02 2.2554004624e+00
1.0133000000e+01 5.2757882878e+02 2.2547547561e+00
1.0130000000e+01 5.2836699004e+02 2.2541084386e+00
1.0128000000e+01 5.2915541645e+02 2.2537273733e+00
1.0125000000e+01 5.2994410784e+02 2.2530797163e+00
1.0123000000e+01 5.3073306402e+02 2.2526970392e+00
1.0120000000e+01 5.3152228481e+02 2.2520480585e+00
1.0117000000e+01 5.3231177005e+02 2.2513984858e+00
1.0115000000e+01 5.3310151955e+02 2.2510134977e+00
1.0112000000e+01 5.3389153313e+02 2.2503626246e+00
1.0110000000e+01 5.3468181062e+02 2.2499760661e+00
