0.0000000000e+00 -2.4827381327e+00 0.0000000000e+00
0.0000000000e+00 -2.1154347267e+00 0.0000000000e+00
0.0000000000e+00 -1.7475216866e+00 0.0000000000e+00
0.0000000000e+00 -1.3790010259e+00 0.0000000000e+00
0.0000000000e+00 -1.0098747419e+00 0.0000000000e+00
0.0000000000e+00 -6.4014481532e-01 0.0000000000e+00
0.0000000000e+00 -2.6981321082e-01 0.0000000000e+00
8.3100000000e-01 1.0111812280e-01 4.9689241151e-04
1.7850000000e+00 4.7264725248e-01 4.9294177575e-03
2.3740000000e+00 8.4477226066e-01 1.1616400946e-02
2.8360000000e+00 1.2174912451e+00 1.9839938319e-02
3.2260000000e+00 1.5908023186e+00 2.9256500626e-02
3.5680000000e+00 1.9647036090e+00 3.9656809876e-02
3.8740000000e+00 2.3391932587e+00 5.0856006352e-02
4.1540000000e+00 2.7142694248e+00 6.2817270052e-02
4.4110000000e+00 3.0899302787e+00 7.5354895328e-02
4.6490000000e+00 3.4661740060e+00 8.8390005142e-02
4.8720000000e+00 3.8429988064e+00 1.0192196924e-01
5.0820000000e+00 4.2204028932e+00 1.1589603455e-01
5.2800000000e+00 4.5983844935e+00 1.3022234489e-01
5.4670000000e+00 4.9769418481e+00 1.4482806822e-01
5.6460000000e+00 5.3560732108e+00 1.5982363095e-01
5.8150000000e+00 5.7357768487e+00 1.7494007947e-01
5.9770000000e+00 6.1160510421e+00 1.9032979236e-01
6.1330000000e+00 6.4968940840e+00 2.0600841677e-01
6.2810000000e+00 6.8783042800e+00 2.2170288600e-01
6.4240000000e+00 7.2602799484e+00 2.3763636523e-01
6.5620000000e+00 7.6428194200e+00 2.5375313854e-01
6.6940000000e+00 8.0259210378e+00 2.6988067278e-01
6.8210000000e+00 8.4095831567e+00 2.8606944951e-01
6.9450000000e+00 8.7938041440e+00 3.0251286345e-01
7.0630000000e+00 9.1785823783e+00 3.1879237356e-01
7.1780000000e+00 9.5639162505e+00 3.3523929779e-01
7.2900000000e+00 9.9498041627e+00 3.5182268865e-01
7.3970000000e+00 1.0336244528e+01 3.6822764550e-01
7.5020000000e+00 1.0723235773e+01 3.8483618082e-01
7.6030000000e+00 1.1110776332e+01 4.0132949331e-01
7.7010000000e+00 1.1498864652e+01 4.1781841419e-01
7.7970000000e+00 1.1887499193e+01 4.3442960419e-01
7.8890000000e+00 1.2276678422e+01 4.5082099963e-01
7.9790000000e+00 1.2666400820e+01 4.6728087864e-01
8.0670000000e+00 1.3056664876e+01 4.8378997145e-01
8.1520000000e+00 1.3447469091e+01 5.0015673155e-01
8.2350000000e+00 1.3838811976e+01 5.1652707423e-01
8.3160000000e+00 1.4230692053e+01 5.3288194073e-01
8.3940000000e+00 1.4623107851e+01 5.4901971575e-01
8.4710000000e+00 1.5016057914e+01 5.6528346758e-01
8.5460000000e+00 1.5409540791e+01 5.8147525761e-01
8.6180000000e+00 1.5803555044e+01 5.9738401782e-01
8.6890000000e+00 1.6198099243e+01 6.1337324986e-01
8.7590000000e+00 1.6593171969e+01 6.2943436604e-01
8.8260000000e+00 1.6988771810e+01 6.4515486119e-01
8.8920000000e+00 1.7384897367e+01 6.6091770830e-01
8.9570000000e+00 1.7781547248e+01 6.7671442413e-01
9.0200000000e+00 1.8178720069e+01 6.9232563452e-01
9.0810000000e+00 1.8576414458e+01 7.0773415468e-01
9.1410000000e+00 1.8974629050e+01 7.2313967282e-01
9.2000000000e+00 1.9373362489e+01 7.3853394876e-01
9.2570000000e+00 1.9772613429e+01 7.5368665300e-01
9.3130000000e+00 2.0172380531e+01 7.6880631545e-01
9.3680000000e+00 2.0572662466e+01 7.8388492363e-01
9.4220000000e+00 2.0973457914e+01 7.9891452015e-01
9.4740000000e+00 2.1374765561e+01 8.1365454901e-01
9.5260000000e+00 2.1776584104e+01 8.2855994508e-01
9.5760000000e+00 2.2178912246e+01 8.4315518876e-01
9.6250000000e+00 2.2581748700e+01 8.5766536753e-01
9.6730000000e+00 2.2985092186e+01 8.7208299151e-01
9.7200000000e+00 2.3388941434e+01 8.8640065672e-01
9.7660000000e+00 2.3793295178e+01 9.0061104909e-01
9.8110000000e+00 2.4198152164e+01 9.1470694823e-01
9.8560000000e+00 2.4603511143e+01 9.2893298365e-01
9.8990000000e+00 2.5009370876e+01 9.4278083388e-01
9.9410000000e+00 2.5415730129e+01 9.5649308649e-01
9.9830000000e+00 2.5822587677e+01 9.7032121686e-01
1.0024000000e+01 2.6229942304e+01 9.8400444226e-01
1.0064000000e+01 2.6637792798e+01 9.9753605043e-01
1.0103000000e+01 2.7046137957e+01 1.0109094431e+00
1.0141000000e+01 2.7454976585e+01 1.0241181385e+00
1.0179000000e+01 2.7864307495e+01 1.0374242972e+00
1.0216000000e+01 2.8274129504e+01 1.0505570223e+00
1.0252000000e+01 2.8684441438e+01 1.0635100698e+00
1.0287000000e+01 2.9095242131e+01 1.0762773191e+00
1.0322000000e+01 2.9506530422e+01 1.0891288985e+00
1.0356000000e+01 2.9918305157e+01 1.1017864270e+00
1.0389000000e+01 3.0330565191e+01 1.1142440402e+00
1.0422000000e+01 3.0743309383e+01 1.1267775056e+00
1.0454000000e+01 3.1156536599e+01 1.1391031480e+00
1.0486000000e+01 3.1570245715e+01 1.1515003326e+00
1.0516000000e+01 3.1984435608e+01 1.1633953183e+00
1.0547000000e+01 3.2399105166e+01 1.1756425939e+00
1.0576000000e+01 3.2814253282e+01 1.1873768908e+00
1.0606000000e+01 3.3229878855e+01 1.1994626853e+00
1.0634000000e+01 3.3645980790e+01 1.2110250108e+00
1.0662000000e+01 3.4062558000e+01 1.2226433825e+00
1.0690000000e+01 3.4479609401e+01 1.2343174130e+00
1.0717000000e+01 3.4897133919e+01 1.2457490055e+00
1.0744000000e+01 3.5315130484e+01 1.2572324393e+00
1.0770000000e+01 3.5733598031e+01 1.2684666809e+00
1.0795000000e+01 3.6152535503e+01 1.2794470023e+00
1.0820000000e+01 3.6571941848e+01 1.2904722356e+00
1.0845000000e+01 3.6991816021e+01 1.3015420140e+00
1.0869000000e+01 3.7412156980e+01 1.3123497581e+00
1.0893000000e+01 3.7832963691e+01 1.3231985672e+00
1.0916000000e+01 3.8254235127e+01 1.3337792182e+00
1.0939000000e+01 3.8675970262e+01 1.3443975718e+00
1.0961000000e+01 3.9098168082e+01 1.3547418573e+00
1.0984000000e+01 3.9520827572e+01 1.3654332754e+00
1.1005000000e+01 3.9943947727e+01 1.3755334707e+00
1.1026000000e+01 4.0367527547e+01 1.3856649966e+00
1.1047000000e+01 4.0791566034e+01 1.3958275298e+00
1.1068000000e+01 4.1216062201e+01 1.4060207430e+00
1.1088000000e+01 4.1641015061e+01 1.4159256431e+00
1.1108000000e+01 4.2066423635e+01 1.4258582387e+00
1.1127000000e+01 4.2492286949e+01 1.4354973036e+00
1.1146000000e+01 4.2918604033e+01 1.4451612038e+00
1.1165000000e+01 4.3345373925e+01 1.4548496403e+00
1.1183000000e+01 4.3772595664e+01 1.4642381604e+00
1.1201000000e+01 4.4200268298e+01 1.4736484904e+00
1.1219000000e+01 4.4628390878e+01 1.4830803457e+00
1.1236000000e+01 4.5056962459e+01 1.4922062063e+00
1.1253000000e+01 4.5485982103e+01 1.5013510006e+00
1.1270000000e+01 4.5915448875e+01 1.5105144593e+00
1.1286000000e+01 4.6345361848e+01 1.5193661525e+00
1.1303000000e+01 4.6775720096e+01 1.5285651537e+00
1.1318000000e+01 4.7206522700e+01 1.5371179103e+00
1.1334000000e+01 4.7637768745e+01 1.5460174673e+00
1.1349000000e+01 4.8069457322e+01 1.5545986177e+00
1.1364000000e+01 4.8501587524e+01 1.5631931590e+00
1.1379000000e+01 4.8934158451e+01 1.5718008536e+00
1.1394000000e+01 4.9367169207e+01 1.5804214628e+00
1.1408000000e+01 4.9800618899e+01 1.5887174333e+00
1.1422000000e+01 5.0234506641e+01 1.5970241556e+00
1.1435000000e+01 5.0668831551e+01 1.6050024769e+00
1.1449000000e+01 5.1103592749e+01 1.6133292260e+00
1.1462000000e+01 5.1538789361e+01 1.6213255452e+00
1.1475000000e+01 5.1974420519e+01 1.6293301633e+00
1.1488000000e+01 5.2410485358e+01 1.6373428769e+00
1.1500000000e+01 5.2846983015e+01 1.6450206911e+00
1.1513000000e+01 5.3283912635e+01 1.6530482307e+00
1.1525000000e+01 5.3721273365e+01 1.6607389986e+00
1.1536000000e+01 5.4159064357e+01 1.6680906555e+00
1.1548000000e+01 5.4597284767e+01 1.6757921982e+00
1.1559000000e+01 5.5035933755e+01 1.6831528873e+00
1.1571000000e+01 5.5475010484e+01 1.6908644845e+00
1.1581000000e+01 5.5914514124e+01 1.6978858658e+00
1.1592000000e+01 5.6354443847e+01 1.7052578192e+00
1.1603000000e+01 5.6794798828e+01 1.7126331911e+00
1.1613000000e+01 5.7235578249e+01 1.7196622555e+00
1.1623000000e+01 5.7676781292e+01 1.7266931593e+00
1.1633000000e+01 5.8118407147e+01 1.7337257527e+00
1.1643000000e+01 5.8560455005e+01 1.7407598856e+00
1.1653000000e+01 5.9002924062e+01 1.7477954079e+00
1.1662000000e+01 5.9445813517e+01 1.7544796568e+00
1.1671000000e+01 5.9889122575e+01 1.7611638640e+00
1.1681000000e+01 6.0332850441e+01 1.7682015108e+00
1.1689000000e+01 6.0776996328e+01 1.7745316254e+00
1.1698000000e+01 6.1221559449e+01 1.7812149157e+00
1.1707000000e+01 6.1666539024e+01 1.7878976364e+00
1.1715000000e+01 6.2111934273e+01 1.7942239361e+00
1.1723000000e+01 6.2557744423e+01 1.8005483905e+00
1.1731000000e+01 6.3003968703e+01 1.8068708854e+00
1.1739000000e+01 6.3450606345e+01 1.8131913069e+00
1.1747000000e+01 6.3897656585e+01 1.8195095410e+00
1.1755000000e+01 6.4345118665e+01 1.8258254743e+00
1.1762000000e+01 6.4792991826e+01 1.8317804124e+00
1.1769000000e+01 6.5241275315e+01 1.8377319231e+00
1.1777000000e+01 6.5689968383e+01 1.8440393629e+00
1.1784000000e+01 6.6139070284e+01 1.8499841576e+00
1.1790000000e+01 6.6588580274e+01 1.8555649269e+00
1.1797000000e+01 6.7038497614e+01 1.8615017651e+00
1.1804000000e+01 6.7488821567e+01 1.8674346956e+00
1.1810000000e+01 6.7939551400e+01 1.8730021040e+00
1.1817000000e+01 6.8390686385e+01 1.8789265319e+00
1.1823000000e+01 6.8842225793e+01 1.8844844763e+00
1.1829000000e+01 6.9294168903e+01 1.8900373772e+00
1.1835000000e+01 6.9746514995e+01 1.8955851561e+00
1.1841000000e+01 7.0199263350e+01 1.9011277346e+00
1.1846000000e+01 7.0652413257e+01 1.9063013067e+00
1.1852000000e+01 7.1105964005e+01 1.9118329000e+00
1.1857000000e+01 7.1559914886e+01 1.9169946603e+00
1.1863000000e+01 7.2014265196e+01 1.9225149784e+00
1.1868000000e+01 7.2469014234e+01 1.9276646576e+00
1.1873000000e+01 7.2924161302e+01 1.9328080402e+00
1.1878000000e+01 7.3379705706e+01 1.9379450646e+00
1.1883000000e+01 7.3835646753e+01 1.9430756693e+00
1.1888000000e+01 7.4291983754e+01 1.9481997934e+00
1.1892000000e+01 7.4748716023e+01 1.9529508211e+00
1.1897000000e+01 7.5205842879e+01 1.9580615137e+00
1.1901000000e+01 7.5663363639e+01 1.9627984395e+00
1.1906000000e+01 7.6121277628e+01 1.9678954789e+00
1.1910000000e+01 7.6579584171e+01 1.9726181004e+00
1.1914000000e+01 7.7038282597e+01 1.9773333681e+00
1.1918000000e+01 7.7497372237e+01 1.9820412368e+00
1.1922000000e+01 7.7956852425e+01 1.9867416614e+00
1.1926000000e+01 7.8416722500e+01 1.9914345972e+00
1.1930000000e+01 7.8876981801e+01 1.9961199999e+00
1.1933000000e+01 7.9337629670e+01 2.0004287426e+00
1.1937000000e+01 7.9798665454e+01 2.0050987199e+00
1.1940000000e+01 8.0260088500e+01 2.0093915199e+00
1.1944000000e+01 8.0721898161e+01 2.0140459150e+00
1.1947000000e+01 8.1184093788e+01 2.0183226334e+00
1.1950000000e+01 8.1646674739e+01 2.0225911618e+00
1.1953000000e+01 8.2109640374e+01 2.0268514706e+00
1.1956000000e+01 8.2572990053e+01 2.0311035299e+00
1.1959000000e+01 8.3036723142e+01 2.0353473105e+00
1.1962000000e+01 8.3500839006e+01 2.0395827833e+00
1.1965000000e+01 8.3965337017e+01 2.0438099196e+00
1.1968000000e+01 8.4430216546e+01 2.0480286908e+00
1.1970000000e+01 8.4895476967e+01 2.0518676965e+00
1.1973000000e+01 8.5361117660e+01 2.0560694893e+00
1.1975000000e+01 8.5827138002e+01 2.0598911542e+00
1.1978000000e+01 8.6293537377e+01 2.0640758734e+00
1.1980000000e+01 8.6760315170e+01 2.0678801183e+00
1.1982000000e+01 8.7227470768e+01 2.0716755560e+00
1.1984000000e+01 8.7695003561e+01 2.0754621712e+00
1.1986000000e+01 8.8162912941e+01 2.0792399485e+00
1.1988000000e+01 8.8631198303e+01 2.0830088730e+00
1.1990000000e+01 8.9099859044e+01 2.0867689298e+00
1.1992000000e+01 8.9568894565e+01 2.0905201044e+00
1.1994000000e+01 9.0038304266e+01 2.0942623826e+00
1.1996000000e+01 9.0508087553e+01 2.0979957503e+00
1.1997000000e+01 9.0978243832e+01 2.1013471286e+00
1.1999000000e+01 9.1448772512e+01 2.1050625293e+00
1.2001000000e+01 9.1919673006e+01 2.1087689825e+00
1.2002000000e+01 9.2390944725e+01 2.1120931161e+00
1.2004000000e+01 9.2862587087e+01 2.1157815401e+00
1.2005000000e+01 9.3334599510e+01 2.1190874468e+00
1.2006000000e+01 9.3806981415e+01 2.1223841925e+00
1.2007000000e+01 9.4279732224e+01 2.1256717746e+00
1.2009000000e+01 9.4752851363e+01 2.1293239489e+00
1.2010000000e+01 9.5226338259e+01 2.1325932654e+00
1.2011000000e+01 9.5700192342e+01 2.1358534088e+00
1.2012000000e+01 9.6174413043e+01 2.1391043773e+00
1.2013000000e+01 9.6648999797e+01 2.1423461694e+00
1.2014000000e+01 9.7123952039e+01 2.1455787838e+00
1.2015000000e+01 9.7599269209e+01 2.1488022193e+00
1.2015000000e+01 9.8074950746e+01 2.1516422984e+00
1.2016000000e+01 9.8550996093e+01 2.1548473252e+00
1.2017000000e+01 9.9027404695e+01 2.1580431737e+00
1.2017000000e+01 9.9504176000e+01 2.1608555406e+00
1.2018000000e+01 9.9981309455e+01 2.1640329917e+00
1.2018000000e+01 1.0045880451e+02 2.1668268965e+00
1.2019000000e+01 1.0093666062e+02 2.1699859614e+00
1.2019000000e+01 1.0141487725e+02 2.1727614266e+00
1.2020000000e+01 1.0189345384e+02 2.1759021177e+00
1.2020000000e+01 1.0237238985e+02 2.1786591672e+00
1.2020000000e+01 1.0285168476e+02 2.1814070106e+00
1.2021000000e+01 1.0333133801e+02 2.1845201573e+00
1.2021000000e+01 1.0381134909e+02 2.1872496255e+00
1.2021000000e+01 1.0429171745e+02 2.1899699124e+00
1.2021000000e+01 1.0477244256e+02 2.1926810274e+00
1.2021000000e+01 1.0525352389e+02 2.1953829799e+00
1.2021000000e+01 1.0573496093e+02 2.1980757795e+00
1.2021000000e+01 1.0621675314e+02 2.2007594361e+00
1.2021000000e+01 1.0669889999e+02 2.2034339594e+00
1.2021000000e+01 1.0718140098e+02 2.2060993594e+00
1.2021000000e+01 1.0766425558e+02 2.2087556463e+00
1.2020000000e+01 1.0814746327e+02 2.2110283380e+00
1.2020000000e+01 1.0863102354e+02 2.2136664434e+00
1.2020000000e+01 1.0911493587e+02 2.2162954692e+00
1.2020000000e+01 1.0959919976e+02 2.2189154260e+00
1.2019000000e+01 1.1008381469e+02 2.2211519074e+00
1.2019000000e+01 1.1056878015e+02 2.2237537814e+00
1.2018000000e+01 1.1105409565e+02 2.2259722581e+00
1.2018000000e+01 1.1153976066e+02 2.2285561020e+00
1.2017000000e+01 1.1202577471e+02 2.2307566357e+00
1.2017000000e+01 1.1251213727e+02 2.2333225034e+00
1.2016000000e+01 1.1299884786e+02 2.2355051566e+00
1.2016000000e+01 1.1348590597e+02 2.2380531025e+00
1.2015000000e+01 1.1397331112e+02 2.2402179382e+00
1.2014000000e+01 1.1446106280e+02 2.2423739117e+00
1.2013000000e+01 1.1494916053e+02 2.2445210409e+00
1.2013000000e+01 1.1543760382e+02 2.2470333537e+00
1.2012000000e+01 1.1592639217e+02 2.2491627977e+00
1.2011000000e+01 1.1641552511e+02 2.2512834497e+00
1.2010000000e+01 1.1690500214e+02 2.2533953281e+00
1.2009000000e+01 1.1739482278e+02 2.2554984511e+00
1.2008000000e+01 1.1788498656e+02 2.2575928371e+00
1.2007000000e+01 1.1837549299e+02 2.2596785044e+00
1.2006000000e+01 1.1886634159e+02 2.2617554717e+00
1.2005000000e+01 1.1935753190e+02 2.2638237572e+00
1.2004000000e+01 1.1984906342e+02 2.2658833797e+00
1.2003000000e+01 1.2034093569e+02 2.2679343578e+00
1.2002000000e+01 1.2083314825e+02 2.2699767101e+00
1.2001000000e+01 1.2132570061e+02 2.2720104555e+00
1.2000000000e+01 1.2181859231e+02 2.2740356126e+00
1.1999000000e+01 1.2231182289e+02 2.2760522003e+00
1.1997000000e+01 1.2280539187e+02 2.2776871789e+00
1.1996000000e+01 1.2329929880e+02 2.2796867621e+00
1.1995000000e+01 1.2379354321e+02 2.2816778344e+00
1.1994000000e+01 1.2428812465e+02 2.2836604148e+00
1.1992000000e+01 1.2478304265e+02 2.2852617860e+00
1.1991000000e+01 1.2527829676e+02 2.2872275241e+00
1.1989000000e+01 1.2577388652e+02 2.2888122645e+00
1.1988000000e+01 1.2626981148e+02 2.2907612432e+00
1.1987000000e+01 1.2676607118e+02 2.2927018291e+00
1.1985000000e+01 1.2726266518e+02 2.2942617448e+00
1.1984000000e+01 1.2775959303e+02 2.2961856948e+00
1.1982000000e+01 1.2825685427e+02 2.2977292017e+00
1.1981000000e+01 1.2875444846e+02 2.2996365994e+00
1.1979000000e+01 1.2925237515e+02 2.3011637870e+00
1.1977000000e+01 1.2975063391e+02 2.3026828979e+00
1.1976000000e+01 1.3024922429e+02 2.3045656741e+00
1.1974000000e+01 1.3074814585e+02 2.3060686016e+00
1.1973000000e+01 1.3124739814e+02 2.3079350369e+00
1.1971000000e+01 1.3174698074e+02 2.3094218707e+00
1.1969000000e+01 1.3224689321e+02 2.3109007441e+00
1.1967000000e+01 1.3274713511e+02 2.3123716809e+00
1.1966000000e+01 1.3324770601e+02 2.3142057949e+00
1.1964000000e+01 1.3374860547e+02 2.3156608202e+00
1.1962000000e+01 1.3424983307e+02 2.3171079789e+00
1.1960000000e+01 1.3475138838e+02 2.3185472946e+00
1.1959000000e+01 1.3525327096e+02 2.3203494360e+00
1.1957000000e+01 1.3575548040e+02 2.3217730225e+00
1.1955000000e+01 1.3625801627e+02 2.3231888360e+00
1.1953000000e+01 1.3676087814e+02 2.3245969000e+00
1.1951000000e+01 1.3726406560e+02 2.3259972383e+00
1.1949000000e+01 1.3776757821e+02 2.3273898744e+00
1.1947000000e+01 1.3827141557e+02 2.3287748321e+00
1.1945000000e+01 1.3877557725e+02 2.3301521350e+00
1.1943000000e+01 1.3928006284e+02 2.3315218066e+00
1.1941000000e+01 1.3978487193e+02 2.3328838705e+00
1.1939000000e+01 1.4029000409e+02 2.3342383503e+00
1.1937000000e+01 1.4079545891e+02 2.3355852695e+00
1.1935000000e+01 1.4130123599e+02 2.3369246518e+00
1.1933000000e+01 1.4180733491e+02 2.3382565205e+00
1.1931000000e+01 1.4231375527e+02 2.3395808992e+00
1.1929000000e+01 1.4282049666e+02 2.3408978113e+00
1.1927000000e+01 1.4332755866e+02 2.3422072803e+00
1.1925000000e+01 1.4383494088e+02 2.3435093297e+00
1.1922000000e+01 1.4434264292e+02 2.3444355696e+00
1.1920000000e+01 1.4485066436e+02 2.3457229842e+00
1.1918000000e+01 1.4535900482e+02 2.3470030502e+00
1.1916000000e+01 1.4586766388e+02 2.3482757911e+00
1.1914000000e+01 1.4637664115e+02 2.3495412301e+00
1.1911000000e+01 1.4688593624e+02 2.3504316561e+00
1.1909000000e+01 1.4739554874e+02 2.3516827004e+00
1.1907000000e+01 1.4790547826e+02 2.3529265137e+00
1.1905000000e+01 1.4841572442e+02 2.3541631191e+00
1.1902000000e+01 1.4892628681e+02 2.3550253646e+00
1.1900000000e+01 1.4943716504e+02 2.3562477667e+00
1.1898000000e+01 1.4994835873e+02 2.3574630313e+00
1.1895000000e+01 1.5045986748e+02 2.3583044344e+00
1.1893000000e+01 1.5097169091e+02 2.3595056389e+00
1.1891000000e+01 1.5148382863e+02 2.3606997760e+00
1.1888000000e+01 1.5199628026e+02 2.3615205575e+00
1.1886000000e+01 1.5250904541e+02 2.3627007771e+00
1.1884000000e+01 1.5302212370e+02 2.3638739990e+00
1.1881000000e+01 1.5353551475e+02 2.3646743784e+00
1.1879000000e+01 1.5404921817e+02 2.3658338247e+00
1.1876000000e+01 1.5456323360e+02 2.3666207731e+00
1.1874000000e+01 1.5507756064e+02 2.3677665384e+00
1.1871000000e+01 1.5559219892e+02 2.3685401535e+00
1.1869000000e+01 1.5610714807e+02 2.3696723322e+00
1.1867000000e+01 1.5662240771e+02 2.3707976754e+00
1.1864000000e+01 1.5713797746e+02 2.3715513972e+00
1.1862000000e+01 1.5765385696e+02 2.3726632940e+00
1.1859000000e+01 1.5817004584e+02 2.3734039240e+00
1.1856000000e+01 1.5868654372e+02 2.3741381206e+00
1.1854000000e+01 1.5920335023e+02 2.3752301022e+00
1.1851000000e+01 1.5972046500e+02 2.3759513518e+00
1.1849000000e+01 1.6023788768e+02 2.3770301207e+00
1.1846000000e+01 1.6075561788e+02 2.3777385188e+00
1.1844000000e+01 1.6127365526e+02 2.3788041677e+00
1.1841000000e+01 1.6179199943e+02 2.3794998094e+00
1.1838000000e+01 1.6231065005e+02 2.3801891870e+00
1.1836000000e+01 1.6282960675e+02 2.3812354104e+00
1.1833000000e+01 1.6334886916e+02 2.3819121741e+00
1.1831000000e+01 1.6386843694e+02 2.3829455078e+00
1.1828000000e+01 1.6438830971e+02 2.3836097516e+00
1.1825000000e+01 1.6490848713e+02 2.3842678506e+00
1.1823000000e+01 1.6542896883e+02 2.3852821044e+00
1.1820000000e+01 1.6594975446e+02 2.3859278242e+00
1.1817000000e+01 1.6647084368e+02 2.3865674701e+00
1.1815000000e+01 1.6699223611e+02 2.3875628499e+00
1.1812000000e+01 1.6751393142e+02 2.3881902564e+00
1.1809000000e+01 1.6803592924e+02 2.3888116594e+00
1.1807000000e+01 1.6855822924e+02 2.3897883698e+00
1.1804000000e+01 1.6908083105e+02 2.3903976720e+00
1.1801000000e+01 1.6960373434e+02 2.3910010405e+00
1.1798000000e+01 1.7012693875e+02 2.3915984988e+00
1.1796000000e+01 1.7065044394e+02 2.3925506899e+00
1.1793000000e+01 1.7117424957e+02 2.3931362309e+00
1.1790000000e+01 1.7169835528e+02 2.3937159307e+00
1.1787000000e+01 1.7222276074e+02 2.3942898124e+00
1.1785000000e+01 1.7274746561e+02 2.3952178432e+00
1.1782000000e+01 1.7327246953e+02 2.3957799894e+00
1.1779000000e+01 1.7379777218e+02 2.3963363856e+00
1.1776000000e+01 1.7432337321e+02 2.3968870549e+00
1.1773000000e+01 1.7484927229e+02 2.3974320199e+00
1.1771000000e+01 1.7537546907e+02 2.3983303944e+00
1.1768000000e+01 1.7590196322e+02 2.3988638484e+00
1.1765000000e+01 1.7642875441e+02 2.3993916654e+00
1.1762000000e+01 1.7695584230e+02 2.3999138680e+00
1.1759000000e+01 1.7748322655e+02 2.4004304786e+00
1.1756000000e+01 1.7801090684e+02 2.4009415194e+00
1.1754000000e+01 1.7853888283e+02 2.4018050675e+00
1.1751000000e+01 1.7906715419e+02 2.4023048629e+00
1.1748000000e+01 1.7959572060e+02 2.4027991548e+00
1.1745000000e+01 1.8012458171e+02 2.4032879653e+00
1.1742000000e+01 1.8065373721e+02 2.4037713164e+00
1.1739000000e+01 1.8118318677e+02 2.4042492300e+00
1.1736000000e+01 1.8171293006e+02 2.4047217279e+00
1.1733000000e+01 1.8224296675e+02 2.4051888321e+00
1.1731000000e+01 1.8277329653e+02 2.4060072177e+00
1.1728000000e+01 1.8330391906e+02 2.4064634238e+00
1.1725000000e+01 1.8383483402e+02 2.4069143006e+00
1.1722000000e+01 1.8436604110e+02 2.4073598699e+00
1.1719000000e+01 1.8489753998e+02 2.4078001531e+00
1.1716000000e+01 1.8542933032e+02 2.4082351715e+00
1.1713000000e+01 1.8596141181e+02 2.4086649465e+00
1.1710000000e+01 1.8649378414e+02 2.4090894994e+00
1.1707000000e+01 1.8702644699e+02 2.4095088514e+00
1.1704000000e+01 1.8755940004e+02 2.4099230236e+00
1.1701000000e+01 1.8809264297e+02 2.4103320370e+00
1.1698000000e+01 1.8862617548e+02 2.4107359127e+00
1.1695000000e+01 1.8915999723e+02 2.4111346717e+00
1.1692000000e+01 1.8969410794e+02 2.4115283346e+00
1.1689000000e+01 1.9022850727e+02 2.4119169225e+00
1.1687000000e+01 1.9076319492e+02 2.4126544329e+00
1.1684000000e+01 1.9129817058e+02 2.4130327526e+00
1.1681000000e+01 1.9183343394e+02 2.4134060588e+00
1.1678000000e+01 1.9236898469e+02 2.4137743722e+00
1.1675000000e+01 1.9290482252e+02 2.4141377132e+00
1.1672000000e+01 1.9344094712e+02 2.4144961022e+00
1.1669000000e+01 1.9397735819e+02 2.4148495596e+00
1.1666000000e+01 1.9451405543e+02 2.4151981056e+00
1.1663000000e+01 1.9505103852e+02 2.4155417604e+00
1.1660000000e+01 1.9558830717e+02 2.4158805441e+00
1.1657000000e+01 1.9612586106e+02 2.4162144769e+00
1.1654000000e+01 1.9666369990e+02 2.4165435787e+00
1.1651000000e+01 1.9720182339e+02 2.4168678694e+00
1.1647000000e+01 1.9774023123e+02 2.4168357514e+00
1.1644000000e+01 1.9827892311e+02 2.4171506626e+00
1.1641000000e+01 1.9881789874e+02 2.4174608224e+00
1.1638000000e+01 1.9935715781e+02 2.4177662503e+00
1.1635000000e+01 1.9989670004e+02 2.4180669661e+00
1.1632000000e+01 2.0043652511e+02 2.4183629893e+00
1.1629000000e+01 2.0097663275e+02 2.4186543392e+00
1.1626000000e+01 2.0151702265e+02 2.4189410354e+00
1.1623000000e+01 2.0205769451e+02 2.4192230971e+00
1.1620000000e+01 2.0259864805e+02 2.4195005437e+00
1.1617000000e+01 2.0313988296e+02 2.4197733943e+00
1.1614000000e+01 2.0368139897e+02 2.4200416681e+00
1.1611000000e+01 2.0422319577e+02 2.4203053840e+00
1.1608000000e+01 2.0476527308e+02 2.4205645613e+00
1.1605000000e+01 2.0530763060e+02 2.4208192187e+00
1.1602000000e+01 2.0585026805e+02 2.4210693752e+00
1.1599000000e+01 2.0639318514e+02 2.4213150496e+00
1.1596000000e+01 2.0693638158e+02 2.4215562606e+00
1.1593000000e+01 2.0747985708e+02 2.4217930269e+00
1.1589000000e+01 2.0802361136e+02 2.4216772443e+00
1.1586000000e+01 2.0856764413e+02 2.4219053630e+00
1.1583000000e+01 2.0911195511e+02 2.4221290928e+00
1.1580000000e+01 2.0965654401e+02 2.4223484520e+00
1.1577000000e+01 2.1020141055e+02 2.4225634592e+00
1.1574000000e+01 2.1074655444e+02 2.4227741324e+00
1.1571000000e+01 2.1129197541e+02 2.4229804901e+00
1.1568000000e+01 2.1183767317e+02 2.4231825502e+00
1.1565000000e+01 2.1238364745e+02 2.4233803310e+00
1.1562000000e+01 2.1292989796e+02 2.4235738505e+00
1.1559000000e+01 2.1347642442e+02 2.4237631265e+00
1.1555000000e+01 2.1402322655e+02 2.4236020936e+00
1.1552000000e+01 2.1457030409e+02 2.4237831237e+00
1.1549000000e+01 2.1511765675e+02 2.4239599640e+00
1.1546000000e+01 2.1566528425e+02 2.4241326323e+00
1.1543000000e+01 2.1621318632e+02 2.4243011461e+00
1.1540000000e+01 2.1676136268e+02 2.4244655232e+00
1.1537000000e+01 2.1730981306e+02 2.4246257809e+00
1.1534000000e+01 2.1785853719e+02 2.4247819368e+00
1.1531000000e+01 2.1840753479e+02 2.4249340083e+00
1.1528000000e+01 2.1895680560e+02 2.4250820126e+00
1.1524000000e+01 2.1950634933e+02 2.4248817445e+00
1.1521000000e+01 2.2005616572e+02 2.4250218541e+00
1.1518000000e+01 2.2060625451e+02 2.4251579483e+00
1.1515000000e+01 2.2115661541e+02 2.4252900441e+00
1.1512000000e+01 2.2170724816e+02 2.4254181586e+00
1.1509000000e+01 2.2225815249e+02 2.4255423087e+00
1.1506000000e+01 2.2280932814e+02 2.4256625113e+00
1.1503000000e+01 2.2336077483e+02 2.4257787833e+00
1.1499000000e+01 2.2391249231e+02 2.4255484081e+00
1.1496000000e+01 2.2446448030e+02 2.4256570571e+00
1.1493000000e+01 2.2501673855e+02 2.4257618255e+00
1.1490000000e+01 2.2556926678e+02 2.4258627300e+00
1.1487000000e+01 2.2612206473e+02 2.4259597872e+00
1.1484000000e+01 2.2667513215e+02 2.4260530134e+00
1.1481000000e+01 2.2722846876e+02 2.4261424250e+00
1.1478000000e+01 2.2778207431e+02 2.4262280385e+00
1.1474000000e+01 2.2833594854e+02 2.4259686274e+00
1.1471000000e+01 2.2889009118e+02 2.4260468814e+00
1.1468000000e+01 2.2944450197e+02 2.4261213860e+00
1.1465000000e+01 2.2999918067e+02 2.4261921570e+00
1.1462000000e+01 2.3055412699e+02 2.4262592107e+00
1.1459000000e+01 2.3110934070e+02 2.4263225629e+00
1.1456000000e+01 2.3166482153e+02 2.4263822297e+00
1.1452000000e+01 2.3222056923e+02 2.4260982865e+00
1.1449000000e+01 2.3277658354e+02 2.4261508179e+00
1.1446000000e+01 2.3333286420e+02 2.4261997111e+00
1.1443000000e+01 2.3388941096e+02 2.4262449819e+00
1.1440000000e+01 2.3444622356e+02 2.4262866459e+00
1.1437000000e+01 2.3500330176e+02 2.4263247186e+00
1.1434000000e+01 2.3556064530e+02 2.4263592156e+00
1.1431000000e+01 2.3611825392e+02 2.4263901522e+00
1.1427000000e+01 2.3667612737e+02 2.4260790928e+00
1.1424000000e+01 2.3723426541e+02 2.4261031428e+00
1.1421000000e+01 2.3779266779e+02 2.4261236783e+00
1.1418000000e+01 2.3835133424e+02 2.4261407148e+00
1.1415000000e+01 2.3891026453e+02 2.4261542671e+00
1.1412000000e+01 2.3946945840e+02 2.4261643506e+00
1.1409000000e+01 2.4002891561e+02 2.4261709801e+00
1.1405000000e+01 2.4058863590e+02 2.4258370188e+00
1.1402000000e+01 2.4114861904e+02 2.4258369730e+00
1.1399000000e+01 2.4170886477e+02 2.4258335180e+00
1.1396000000e+01 2.4226937285e+02 2.4258266686e+00
1.1393000000e+01 2.4283014304e+02 2.4258164396e+00
1.1390000000e+01 2.4339117508e+02 2.4258028456e+00
1.1387000000e+01 2.4395246874e+02 2.4257859013e+00
1.1383000000e+01 2.4451402377e+02 2.4254297657e+00
1.1380000000e+01 2.4507583992e+02 2.4254063516e+00
1.1377000000e+01 2.4563791696e+02 2.4253796307e+00
1.1374000000e+01 2.4620025465e+02 2.4253496174e+00
1.1371000000e+01 2.4676285273e+02 2.4253163260e+00
1.1368000000e+01 2.4732571098e+02 2.4252797708e+00
1.1365000000e+01 2.4788882915e+02 2.4252399661e+00
1.1361000000e+01 2.4845220700e+02 2.4248623634e+00
1.1358000000e+01 2.4901584429e+02 2.4248162888e+00
1.1355000000e+01 2.4957974078e+02 2.4247670070e+00
1.1352000000e+01 2.5014389624e+02 2.4247145320e+00
1.1349000000e+01 2.5070831043e+02 2.4246588778e+00
1.1346000000e+01 2.5127298311e+02 2.4246000582e+00
1.1343000000e+01 2.5183791404e+02 2.4245380871e+00
1.1340000000e+01 2.5240310299e+02 2.4244729784e+00
1.1336000000e+01 2.5296854972e+02 2.4240716579e+00
1.1333000000e+01 2.5353425400e+02 2.4240005010e+00
1.1330000000e+01 2.5410021560e+02 2.4239262474e+00
1.1327000000e+01 2.5466643428e+02 2.4238489107e+00
1.1324000000e+01 2.5523290980e+02 2.4237685044e+00
1.1321000000e+01 2.5579964193e+02 2.4236850420e+00
1.1318000000e+01 2.5636663045e+02 2.4235985369e+00
1.1315000000e+01 2.5693387512e+02 2.4235090025e+00
1.1311000000e+01 2.5750137571e+02 2.4230848330e+00
1.1308000000e+01 2.5806913198e+02 2.4229894651e+00
1.1305000000e+01 2.5863714372e+02 2.4228911076e+00
1.1302000000e+01 2.5920541068e+02 2.4227897736e+00
1.1299000000e+01 2.5977393264e+02 2.4226854763e+00
1.1296000000e+01 2.6034270938e+02 2.4225782287e+00
1.1293000000e+01 2.6091174065e+02 2.4224680438e+00
1.1290000000e+01 2.6148102625e+02 2.4223549345e+00
1.1286000000e+01 2.6205056593e+02 2.4219087562e+00
1.1283000000e+01 2.6262035947e+02 2.4217900213e+00
1.1280000000e+01 2.6319040665e+02 2.4216684004e+00
1.1277000000e+01 2.6376070725e+02 2.4215439063e+00
1.1274000000e+01 2.6433126102e+02 2.4214165517e+00
1.1271000000e+01 2.6490206776e+02 2.4212863494e+00
1.1268000000e+01 2.6547312724e+02 2.4211533117e+00
1.1265000000e+01 2.6604443922e+02 2.4210174514e+00
1.1262000000e+01 2.6661600350e+02 2.4208787809e+00
1.1258000000e+01 2.6718781985e+02 2.4204087921e+00
1.1255000000e+01 2.6775988804e+02 2.4202647217e+00
1.1252000000e+01 2.6833220786e+02 2.4201178781e+00
1.1249000000e+01 2.6890477908e+02 2.4199682736e+00
1.1246000000e+01 2.6947760149e+02 2.4198159205e+00
1.1243000000e+01 2.7005067485e+02 2.4196608310e+00
1.1240000000e+01 2.7062399896e+02 2.4195030172e+00
1.1237000000e+01 2.7119757360e+02 2.4193424912e+00
1.1234000000e+01 2.7177139854e+02 2.4191792651e+00
1.1231000000e+01 2.7234547357e+02 2.4190133508e+00
1.1227000000e+01 2.7291979846e+02 2.4185180479e+00
1.1224000000e+01 2.7349437301e+02 2.4183469750e+00
1.1221000000e+01 2.7406919699e+02 2.4181732495e+00
1.1218000000e+01 2.7464427020e+02 2.4179968832e+00
1.1215000000e+01 2.7521959240e+02 2.4178178879e+00
1.1212000000e+01 2.7579516340e+02 2.4176362753e+00
1.1209000000e+01 2.7637098297e+02 2.4174520570e+00
1.1206000000e+01 2.7694705089e+02 2.4172652447e+00
1.1203000000e+01 2.7752336696e+02 2.4170758500e+00
1.1200000000e+01 2.7809993097e+02 2.4168838843e+00
1.1197000000e+01 2.7867674269e+02 2.4166893591e+00
1.1193000000e+01 2.7925380191e+02 2.4161675470e+00
1.1190000000e+01 2.7983110843e+02 2.4159681172e+00
1.1187000000e+01 2.8040866204e+02 2.4157661620e+00
1.1184000000e+01 2.8098646251e+02 2.4155616925e+00
1.1181000000e+01 2.8156450964e+02 2.4153547201e+00
1.1178000000e+01 2.8214280322e+02 2.4151452559e+00
1.1175000000e+01 2.8272134304e+02 2.4149333111e+00
1.1172000000e+01 2.8330012889e+02 2.4147188968e+00
1.1169000000e+01 2.8387916057e+02 2.4145020240e+00
1.1166000000e+01 2.8445843785e+02 2.4142827038e+00
1.1163000000e+01 2.8503796054e+02 2.4140609470e+00
1.1160000000e+01 2.8561772843e+02 2.4138367647e+00
1.1157000000e+01 2.8619774130e+02 2.4136101678e+00
1.1154000000e+01 2.8677799896e+02 2.4133811669e+00
1.1150000000e+01 2.8735850120e+02 2.4128275230e+00
1.1147000000e+01 2.8793924780e+02 2.4125939246e+00
1.1144000000e+01 2.8852023858e+02 2.4123579545e+00
1.1141000000e+01 2.8910147331e+02 2.4121196232e+00
1.1138000000e+01 2.8968295179e+02 2.4118789414e+00
1.1135000000e+01 2.9026467383e+02 2.4116359196e+00
1.1132000000e+01 2.9084663922e+02 2.4113905684e+00
1.1129000000e+01 2.9142884775e+02 2.4111428982e+00
1.1126000000e+01 2.9201129922e+02 2.4108929195e+00
1.1123000000e+01 2.9259399343e+02 2.4106406427e+00
1.1120000000e+01 2.9317693017e+02 2.4103860781e+00
1.1117000000e+01 2.9376010926e+02 2.4101292360e+00
1.1114000000e+01 2.9434353047e+02 2.4098701268e+00
1.1111000000e+01 2.9492719362e+02 2.4096087605e+00
1.1108000000e+01 2.9551109850e+02 2.4093451474e+00
1.1105000000e+01 2.9609524491e+02 2.4090792977e+00
1.1102000000e+01 2.9667963266e+02 2.4088112215e+00
1.1099000000e+01 2.9726426154e+02 2.4085409287e+00
1.1096000000e+01 2.9784913135e+02 2.4082684294e+00
1.1093000000e+01 2.9843424191e+02 2.4079937335e+00
1.1090000000e+01 2.9901959300e+02 2.4077168511e+00
1.1087000000e+01 2.9960518443e+02 2.4074377920e+00
1.1084000000e+01 3.0019101600e+02 2.4071565660e+00
1.1081000000e+01 3.0077708753e+02 2.4068731829e+00
1.1078000000e+01 3.0136339880e+02 2.4065876526e+00
1.1075000000e+01 3.0194994963e+02 2.4062999846e+00
1.1072000000e+01 3.0253673982e+02 2.4060101888e+00
1.1068000000e+01 3.0312376918e+02 2.4054007451e+00
1.1065000000e+01 3.0371103750e+02 2.4051068954e+00
1.1062000000e+01 3.0429854460e+02 2.4048109464e+00
1.1059000000e+01 3.0488629028e+02 2.4045129076e+00
1.1056000000e+01 3.0547427435e+02 2.4042127886e+00
1.1053000000e+01 3.0606249661e+02 2.4039105988e+00
1.1050000000e+01 3.0665095688e+02 2.4036063475e+00
1.1047000000e+01 3.0723965496e+02 2.4033000442e+00
1.1044000000e+01 3.0782859065e+02 2.4029916982e+00
1.1041000000e+01 3.0841776377e+02 2.4026813187e+00
1.1038000000e+01 3.0900717413e+02 2.4023689151e+00
1.1035000000e+01 3.0959682153e+02 2.4020544964e+00
1.1032000000e+01 3.1018670578e+02 2.4017380720e+00
1.1030000000e+01 3.1077682670e+02 2.4017349474e+00
1.1027000000e+01 3.1136718409e+02 2.4014143683e+00
1.1024000000e+01 3.1195777776e+02 2.4010918108e+00
1.1021000000e+01 3.1254860753e+02 2.4007672840e+00
1.1018000000e+01 3.1313967321e+02 2.4004407969e+00
1.1015000000e+01 3.1373097461e+02 2.4001123584e+00
1.1012000000e+01 3.1432251154e+02 2.3997819774e+00
1.1009000000e+01 3.1491428382e+02 2.3994496627e+00
1.1006000000e+01 3.1550629125e+02 2.3991154233e+00
1.1003000000e+01 3.1609853365e+02 2.3987792678e+00
1.1000000000e+01 3.1669101083e+02 2.3984412051e+00
1.0997000000e+01 3.1728372261e+02 2.3981012439e+00
1.0994000000e+01 3.1787666881e+02 2.3977593928e+00
1.0991000000e+01 3.1846984923e+02 2.3974156605e+00
1.0988000000e+01 3.1906326370e+02 2.3970700556e+00
1.0985000000e+01 3.1965691202e+02 2.3967225867e+00
1.0982000000e+01 3.2025079402e+02 2.3963732623e+00
1.0979000000e+01 3.2084490950e+02 2.3960220909e+00
1.0976000000e+01 3.2143925830e+02 2.3956690809e+00
1.0973000000e+01 3.2203384021e+02 2.3953142409e+00
1.0970000000e+01 3.2262865507e+02 2.3949575791e+00
1.0967000000e+01 3.2322370269e+02 2.3945991040e+00
1.0964000000e+01 3.2381898288e+02 2.3942388238e+00
1.0961000000e+01 3.2441449547e+02 2.3938767469e+00
1.0958000000e+01 3.2501024027e+02 2.3935128815e+00
1.0955000000e+01 3.2560621711e+02 2.3931472359e+00
1.0953000000e+01 3.2620242580e+02 2.3930907303e+00
1.0950000000e+01 3.2679886616e+02 2.3927213835e+00
1.0947000000e+01 3.2739553801e+02 2.3923502811e+00
1.0944000000e+01 3.2799244118e+02 2.3919774311e+00
1.0941000000e+01 3.2858957548e+02 2.3916028416e+00
1.0938000000e+01 3.2918694073e+02 2.3912265206e+00
1.0935000000e+01 3.2978453677e+02 2.3908484761e+00
1.0932000000e+01 3.3038236340e+02 2.3904687160e+00
1.0929000000e+01 3.3098042045e+02 2.3900872482e+00
1.0926000000e+01 3.3157870774e+02 2.3897040806e+00
1.0923000000e+01 3.3217722510e+02 2.3893192210e+00
1.0920000000e+01 3.3277597236e+02 2.3889326773e+00
1.0917000000e+01 3.3337494932e+02 2.3885444572e+00
1.0915000000e+01 3.3397415582e+02 2.3884633310e+00
1.0912000000e+01 3.3457359168e+02 2.3880716190e+00
1.0909000000e+01 3.3517325673e+02 2.3876782540e+00
1.0906000000e+01 3.3577315079e+02 2.3872832436e+00
1.0903000000e+01 3.3637327368e+02 2.3868865953e+00
1.0900000000e+01 3.3697362524e+02 2.3864883169e+00
1.0897000000e+01 3.3757420529e+02 2.3860884158e+00
1.0894000000e+01 3.3817501365e+02 2.3856868995e+00
1.0891000000e+01 3.3877605015e+02 2.3852837755e+00
1.0889000000e+01 3.3937731461e+02 2.3851863403e+00
1.0886000000e+01 3.3997880688e+02 2.3847798630e+00
1.0883000000e+01 3.4058052676e+02 2.3843718004e+00
1.0880000000e+01 3.4118247410e+02 2.3839621600e+00
1.0877000000e+01 3.4178464871e+02 2.3835509490e+00
1.0874000000e+01 3.4238705043e+02 2.3831381748e+00
1.0871000000e+01 3.4298967909e+02 2.3827238446e+00
1.0868000000e+01 3.4359253451e+02 2.3823079656e+00
1.0866000000e+01 3.4419561653e+02 2.3821965366e+00
1.0863000000e+01 3.4479892497e+02 2.3817774231e+00
1.0860000000e+01 3.4540245967e+02 2.3813567825e+00
1.0857000000e+01 3.4600622045e+02 2.3809346220e+00
1.0854000000e+01 3.4661020715e+02 2.3805109487e+00
1.0851000000e+01 3.4721441959e+02 2.3800857695e+00
1.0848000000e+01 3.4781885761e+02 2.3796590915e+00
1.0846000000e+01 3.4842352105e+02 2.3795357868e+00
1.0843000000e+01 3.4902840973e+02 2.3791059751e+00
1.0840000000e+01 3.4963352348e+02 2.3786746857e+00
1.0837000000e+01 3.5023886214e+02 2.3782419254e+00
1.0834000000e+01 3.5084442554e+02 2.3778077012e+00
1.0831000000e+01 3.5145021351e+02 2.3773720198e+00
1.0828000000e+01 3.5205622589e+02 2.3769348882e+00
1.0826000000e+01 3.5266246252e+02 2.3768000623e+00
1.0823000000e+01 3.5326892321e+02 2.3763598948e+00
1.0820000000e+01 3.5387560782e+02 2.3759182975e+00
1.0817000000e+01 3.5448251618e+02 2.3754752770e+00
1.0814000000e+01 3.5508964811e+02 2.3750308400e+00
1.0811000000e+01 3.5569700346e+02 2.3745849931e+00
1.0809000000e+01 3.5630458206e+02 2.3744405414e+00
1.0806000000e+01 3.5691238375e+02 2.3739917404e+00
1.0803000000e+01 3.5752040836e+02 2.3735415496e+00
1.0800000000e+01 3.5812865574e+02 2.3730899753e+00
1.0797000000e+01 3.5873712571e+02 2.3726370241e+00
1.0795000000e+01 3.5934581811e+02 2.3724847109e+00
1.0792000000e+01 3.5995473279e+02 2.3720288723e+00
1.0789000000e+01 3.6056386958e+02 2.3715716762e+00
1.0786000000e+01 3.6117322831e+02 2.3711131292e+00
1.0783000000e+01 3.6178280883e+02 2.3706532374e+00
1.0781000000e+01 3.6239261098e+02 2.3704932315e+00
1.0778000000e+01 3.6300263459e+02 2.3700305175e+00
1.0775000000e+01 3.6361287951e+02 2.3695664780e+00
1.0772000000e+01 3.6422334557e+02 2.3691011192e+00
1.0769000000e+01 3.6483403261e+02 2.3686344474e+00
1.0767000000e+01 3.6544494048e+02 2.3684669138e+00
1.0764000000e+01 3.6605606900e+02 2.3679974836e+00
1.0761000000e+01 3.6666741804e+02 2.3675267590e+00
1.0758000000e+01 3.6727898742e+02 2.3670547461e+00
1.0755000000e+01 3.6789077699e+02 2.3665814511e+00
1.0753000000e+01 3.6850278658e+02 2.3664065518e+00
1.0750000000e+01 3.6911501605e+02 2.3659305609e+00
1.0747000000e+01 3.6972746523e+02 2.3654533062e+00
1.0744000000e+01 3.7034013396e+02 2.3649747936e+00
1.0742000000e+01 3.7095302209e+02 2.3647940818e+00
1.0739000000e+01 3.7156612946e+02 2.3643129225e+00
1.0736000000e+01 3.7217945592e+02 2.3638305234e+00
1.0733000000e+01 3.7279300131e+02 2.3633468902e+00
1.0731000000e+01 3.7340676546e+02 2.3631604662e+00
1.0728000000e+01 3.7402074824e+02 2.3626742347e+00
1.0725000000e+01 3.7463494947e+02 2.3621867870e+00
1.0722000000e+01 3.7524936901e+02 2.3616981287e+00
1.0720000000e+01 3.7586400670e+02 2.3615060909e+00
1.0717000000e+01 3.7647886238e+02 2.3610148819e+00
1.0714000000e+01 3.7709393591e+02 2.3605224797e+00
1.0711000000e+01 3.7770922712e+02 2.3600288901e+00
1.0709000000e+01 3.7832473586e+02 2.3598313356e+00
1.0706000000e+01 3.7894046198e+02 2.3593352419e+00
1.0703000000e+01 3.7955640533e+02 2.3588379779e+00
1.0700000000e+01 3.8017256575e+02 2.3583395492e+00
1.0698000000e+01 3.8078894309e+02 2.3581365732e+00
1.0695000000e+01 3.8140553720e+02 2.3576356864e+00
1.0692000000e+01 3.8202234793e+02 2.3571336516e+00
1.0689000000e+01 3.8263937511e+02 2.3566304744e+00
1.0687000000e+01 3.8325661861e+02 2.3564221707e+00
1.0684000000e+01 3.8387407827e+02 2.3559165806e+00
1.0681000000e+01 3.8449175393e+02 2.3554098646e+00
1.0679000000e+01 3.8510964545e+02 2.3551975843e+00
1.0676000000e+01 3.8572775268e+02 2.3546884889e+00
1.0673000000e+01 3.8634607547e+02 2.3541782839e+00
1.0670000000e+01 3.8696461366e+02 2.3536669745e+00
1.0668000000e+01 3.8758336710e+02 2.3534495274e+00
1.0665000000e+01 3.8820233566e+02 2.3529358825e+00
1.0662000000e+01 3.8882151917e+02 2.3524211493e+00
1.0660000000e+01 3.8944091749e+02 2.3521998448e+00
1.0657000000e+01 3.9006053046e+02 2.3516828087e+00
1.0654000000e+01 3.9068035795e+02 2.3511647001e+00
1.0652000000e+01 3.9130039980e+02 2.3509395884e+00
1.0649000000e+01 3.9192065586e+02 2.3504192090e+00
1.0646000000e+01 3.9254112599e+02 2.3498977727e+00
1.0644000000e+01 3.9316181004e+02 2.3496689033e+00
1.0641000000e+01 3.9378270786e+02 2.3491452280e+00
1.0638000000e+01 3.9440381930e+02 2.3486205112e+00
1.0636000000e+01 3.9502514422e+02 2.3483879330e+00
1.0633000000e+01 3.9564668247e+02 2.3478610084e+00
1.0630000000e+01 3.9626843390e+02 2.3473330576e+00
1.0628000000e+01 3.9689039838e+02 2.3470968189e+00
1.0625000000e+01 3.9751257574e+02 2.3465666913e+00
1.0622000000e+01 3.9813496585e+02 2.3460355525e+00
1.0620000000e+01 3.9875756856e+02 2.3457957011e+00
1.0617000000e+01 3.9938038373e+02 2.3452624159e+00
1.0614000000e+01 4.0000341121e+02 2.3447281345e+00
1.0612000000e+01 4.0062665086e+02 2.3444847175e+00
1.0609000000e+01 4.0125010253e+02 2.3439483198e+00
1.0606000000e+01 4.0187376607e+02 2.3434109405e+00
1.0604000000e+01 4.0249764136e+02 2.3431640045e+00
1.0601000000e+01 4.0312172823e+02 2.3426245387e+00
1.0598000000e+01 4.0374602655e+02 2.3420841057e+00
1.0596000000e+01 4.0437053617e+02 2.3418336968e+00
1.0593000000e+01 4.0499525696e+02 2.3412912067e+00
1.0590000000e+01 4.0562018876e+02 2.3407477637e+00
1.0588000000e+01 4.0624533144e+02 2.3404939272e+00
1.0585000000e+01 4.0687068485e+02 2.3399484562e+00
1.0583000000e+01 4.0749624886e+02 2.3396923069e+00
1.0580000000e+01 4.0812202332e+02 2.3391448271e+00
1.0577000000e+01 4.0874800808e+02 2.3385964178e+00
1.0575000000e+01 4.0937420302e+02 2.3383369158e+00
1.0572000000e+01 4.1000060798e+02 2.3377865261e+00
1.0569000000e+01 4.1062722282e+02 2.3372352208e+00
1.0567000000e+01 4.1125404742e+02 2.3369724099e+00
1.0564000000e+01 4.1188108161e+02 2.3364191522e+00
1.0562000000e+01 4.1250832528e+02 2.3361541075e+00
