0.0000000000e+00 -2.0072368868e+01 0.0000000000e+00
0.0000000000e+00 -1.9705065462e+01 0.0000000000e+00
0.0000000000e+00 -1.9337152422e+01 0.0000000000e+00
0.0000000000e+00 -1.8968631761e+01 0.0000000000e+00
0.0000000000e+00 -1.8599505477e+01 0.0000000000e+00
0.0000000000e+00 -1.8229775551e+01 0.0000000000e+00
0.0000000000e+00 -1.7859443946e+01 0.0000000000e+00
0.0000000000e+00 -1.7488512613e+01 0.0000000000e+00
0.0000000000e+00 -1.7116983483e+01 0.0000000000e+00
0.0000000000e+00 -1.6744858475e+01 0.0000000000e+00
0.0000000000e+00 -1.6372139490e+01 0.0000000000e+00
0.0000000000e+00 -1.5998828417e+01 0.0000000000e+00
0.0000000000e+00 -1.5624927126e+01 0.0000000000e+00
0.0000000000e+00 -1.5250437477e+01 0.0000000000e+00
0.0000000000e+00 -1.4875361311e+01 0.0000000000e+00
0.0000000000e+00 -1.4499700457e+01 0.0000000000e+00
0.0000000000e+00 -1.4123456729e+01 0.0000000000e+00
0.0000000000e+00 -1.3746631929e+01 0.0000000000e+00
0.0000000000e+00 -1.3369227842e+01 0.0000000000e+00
0.0000000000e+00 -1.2991246242e+01 0.0000000000e+00
0.0000000000e+00 -1.2612688887e+01 0.0000000000e+00
0.0000000000e+00 -1.2233557525e+01 0.0000000000e+00
0.0000000000e+00 -1.1853853887e+01 0.0000000000e+00
0.0000000000e+00 -1.1473579693e+01 0.0000000000e+00
0.0000000000e+00 -1.1092736651e+01 0.0000000000e+00
0.0000000000e+00 -1.0711326455e+01 0.0000000000e+00
0.0000000000e+00 -1.0329350787e+01 0.0000000000e+00
0.0000000000e+00 -9.9468113153e+00 0.0000000000e+00
0.0000000000e+00 -9.5637096975e+00 0.0000000000e+00
0.0000000000e+00 -9.1800475786e+00 0.0000000000e+00
0.0000000000e+00 -8.7958265914e+00 0.0000000000e+00
0.0000000000e+00 -8.4110483570e+00 0.0000000000e+00
0.0000000000e+00 -8.0257144848e+00 0.0000000000e+00
0.0000000000e+00 -7.6398265726e+00 0.0000000000e+00
0.0000000000e+00 -7.2533862069e+00 0.0000000000e+00
0.0000000000e+00 -6.8663949626e+00 0.0000000000e+00
0.0000000000e+00 -6.4788544037e+00 0.0000000000e+00
0.0000000000e+00 -6.0907660830e+00 0.0000000000e+00
0.0000000000e+00 -5.7021315425e+00 0.0000000000e+00
0.0000000000e+00 -5.3129523132e+00 0.0000000000e+00
0.0000000000e+00 -4.9232299155e+00 0.0000000000e+00
0.0000000000e+00 -4.5329658594e+00 0.0000000000e+00
0.0000000000e+00 -4.1421616442e+00 0.0000000000e+00
0.0000000000e+00 -3.7508187590e+00 0.0000000000e+00
0.0000000000e+00 -3.3589386827e+00 0.0000000000e+00
0.0000000000e+00 -2.9665228840e+00 0.0000000000e+00
0.0000000000e+00 -2.5735728216e+00 0.0000000000e+00
0.0000000000e+00 -2.1800899445e+00 0.0000000000e+00
0.0000000000e+00 -1.7860756916e+00 0.0000000000e+00
0.0000000000e+00 -1.3915314924e+00 0.0000000000e+00
0.0000000000e+00 -9.9645876675e-01 0.0000000000e+00
0.0000000000e+00 -6.0085892495e-01 0.0000000000e+00
0.0000000000e+00 -2.0473336799e-01 0.0000000000e+00
8.7600000000e-01 1.9191651242e-01 7.6013385812e-04
1.5270000000e+00 5.8908933374e-01 4.0296354787e-03
1.9680000000e+00 9.8678372252e-01 8.6380303577e-03
2.3220000000e+00 1.3849983143e+00 1.4208915526e-02
2.6240000000e+00 1.7837317535e+00 2.0536178450e-02
2.8920000000e+00 2.1829826932e+00 2.7534733098e-02
3.1330000000e+00 2.5827497956e+00 3.5061702347e-02
3.3530000000e+00 2.9830317309e+00 4.3045103196e-02
3.5580000000e+00 3.3838271784e+00 5.1511775500e-02
3.7480000000e+00 3.7851348256e+00 6.0305872813e-02
3.9260000000e+00 4.1869533682e+00 6.9420199848e-02
4.0950000000e+00 4.5892815104e+00 7.8897722130e-02
4.2540000000e+00 4.9921179646e+00 8.8586787443e-02
4.4060000000e+00 5.3954614511e+00 9.8577525128e-02
4.5500000000e+00 5.7993106984e+00 1.0873059421e-01
4.6880000000e+00 6.2036644429e+00 1.1911061748e-01
4.8200000000e+00 6.6085214287e+00 1.2965805400e-01
4.9470000000e+00 7.0138804081e+00 1.4039508804e-01
5.0690000000e+00 7.4197401406e+00 1.5127279163e-01
5.1860000000e+00 7.8260993936e+00 1.6224154058e-01
5.2990000000e+00 8.2329569422e+00 1.7334634895e-01
5.4090000000e+00 8.6403115686e+00 1.8464787627e-01
5.5140000000e+00 9.0481620627e+00 1.9591332352e-01
5.6160000000e+00 9.4565072218e+00 2.0730565244e-01
5.7150000000e+00 9.8653458501e+00 2.1879734647e-01
5.8110000000e+00 1.0274676759e+01 2.3036065162e-01
5.9040000000e+00 1.0684498768e+01 2.4196767076e-01
5.9950000000e+00 1.1094810703e+01 2.5371207330e-01
6.0820000000e+00 1.1505611396e+01 2.6532626156e-01
6.1680000000e+00 1.1916899687e+01 2.7715786636e-01
6.2510000000e+00 1.2328674422e+01 2.8893563152e-01
6.3310000000e+00 1.2740934456e+01 3.0063173775e-01
6.4100000000e+00 1.3153678647e+01 3.1249671914e-01
6.4870000000e+00 1.3566905864e+01 3.2438091666e-01
6.5610000000e+00 1.3980614979e+01 3.3612120256e-01
6.6340000000e+00 1.4394804873e+01 3.4798836980e-01
6.7050000000e+00 1.4809474431e+01 3.5982272711e-01
6.7750000000e+00 1.5224622547e+01 3.7176241704e-01
6.8420000000e+00 1.5640248120e+01 3.8348283443e-01
6.9080000000e+00 1.6056350055e+01 3.9528075817e-01
6.9730000000e+00 1.6472927265e+01 4.0714852326e-01
7.0360000000e+00 1.6889978666e+01 4.1891085208e-01
7.0980000000e+00 1.7307503184e+01 4.3072159743e-01
7.1580000000e+00 1.7725499749e+01 4.4239963139e-01
7.2170000000e+00 1.8143967296e+01 4.5410488465e-01
7.2750000000e+00 1.8562904768e+01 4.6582971681e-01
7.3310000000e+00 1.8982311113e+01 4.7738457715e-01
7.3870000000e+00 1.9402185285e+01 4.8912288325e-01
7.4410000000e+00 1.9822526244e+01 5.0067051814e-01
7.4940000000e+00 2.0243332956e+01 5.1220190624e-01
7.5460000000e+00 2.0664604391e+01 5.2370959214e-01
7.5970000000e+00 2.1086339527e+01 5.3518616036e-01
7.6470000000e+00 2.1508537346e+01 5.4662424119e-01
7.6960000000e+00 2.1931196837e+01 5.5801651635e-01
7.7440000000e+00 2.2354316992e+01 5.6935572435e-01
7.7910000000e+00 2.2777896811e+01 5.8063466573e-01
7.8370000000e+00 2.3201935299e+01 5.9184620806e-01
7.8820000000e+00 2.3626431465e+01 6.0298329065e-01
7.9260000000e+00 2.4051384325e+01 6.1403892916e-01
7.9700000000e+00 2.4476792899e+01 6.2522117389e-01
8.0120000000e+00 2.4902656213e+01 6.3609557835e-01
8.0540000000e+00 2.5328973298e+01 6.4708756314e-01
8.0950000000e+00 2.5755743190e+01 6.5797541683e-01
8.1360000000e+00 2.6182964929e+01 6.6897647916e-01
8.1750000000e+00 2.6610637563e+01 6.7963834082e-01
8.2140000000e+00 2.7038760142e+01 6.9040466457e-01
8.2530000000e+00 2.7467331723e+01 7.0127545267e-01
8.2900000000e+00 2.7896351367e+01 7.1178542917e-01
8.3270000000e+00 2.8325818140e+01 7.2239133971e-01
8.3630000000e+00 2.8755731113e+01 7.3285641190e-01
8.3990000000e+00 2.9186089361e+01 7.4341319427e-01
8.4340000000e+00 2.9616891965e+01 7.5382085751e-01
8.4680000000e+00 3.0048138010e+01 7.6407333593e-01
8.5020000000e+00 3.0479826587e+01 7.7440929446e-01
8.5350000000e+00 3.0911956789e+01 7.8458206615e-01
8.5680000000e+00 3.1344527716e+01 7.9483423955e-01
8.6000000000e+00 3.1777538471e+01 8.0491536493e-01
8.6310000000e+00 3.2210988164e+01 8.1481972956e-01
8.6620000000e+00 3.2644875906e+01 8.2479565933e-01
8.6930000000e+00 3.3079200815e+01 8.3484300779e-01
8.7230000000e+00 3.3513962013e+01 8.4470408667e-01
8.7520000000e+00 3.3949158626e+01 8.5437343584e-01
8.7810000000e+00 3.4384789784e+01 8.6410666111e-01
8.8100000000e+00 3.4820854622e+01 8.7390359544e-01
8.8380000000e+00 3.5257352280e+01 8.8349969809e-01
8.8650000000e+00 3.5694281900e+01 8.9288977681e-01
8.8920000000e+00 3.6131642630e+01 9.0233635240e-01
8.9190000000e+00 3.6569433622e+01 9.1183924614e-01
8.9450000000e+00 3.7007654032e+01 9.2112745554e-01
8.9710000000e+00 3.7446303019e+01 9.3046841729e-01
8.9970000000e+00 3.7885379749e+01 9.3986194318e-01
9.0220000000e+00 3.8324883389e+01 9.4903235508e-01
9.0460000000e+00 3.8764813112e+01 9.5797489022e-01
9.0700000000e+00 3.9205168093e+01 9.6696332472e-01
9.0940000000e+00 3.9645947513e+01 9.7599747059e-01
9.1180000000e+00 4.0087150557e+01 9.8507713450e-01
9.1410000000e+00 4.0528776412e+01 9.9391931564e-01
9.1640000000e+00 4.0970824269e+01 1.0028037348e+00
9.1860000000e+00 4.1413293326e+01 1.0114446013e+00
9.2080000000e+00 4.1856182782e+01 1.0201245304e+00
9.2300000000e+00 4.2299491839e+01 1.0288433313e+00
9.2510000000e+00 4.2743219706e+01 1.0373111568e+00
9.2720000000e+00 4.3187365593e+01 1.0458147865e+00
9.2930000000e+00 4.3631928714e+01 1.0543540312e+00
9.3130000000e+00 4.4076908289e+01 1.0626351489e+00
9.3330000000e+00 4.4522303538e+01 1.0709489259e+00
9.3530000000e+00 4.4968113688e+01 1.0792951761e+00
9.3720000000e+00 4.5414337967e+01 1.0873764246e+00
9.3910000000e+00 4.5860975609e+01 1.0954873055e+00
9.4100000000e+00 4.6308025850e+01 1.1036276379e+00
9.4290000000e+00 4.6755487929e+01 1.1117972381e+00
9.4470000000e+00 4.7203361090e+01 1.1196938600e+00
9.4650000000e+00 4.7651644580e+01 1.1276170306e+00
9.4830000000e+00 4.8100337648e+01 1.1355665726e+00
9.5000000000e+00 4.8549439549e+01 1.1432368429e+00
9.5180000000e+00 4.8998949539e+01 1.1512374490e+00
9.5350000000e+00 4.9448866878e+01 1.1589561899e+00
9.5510000000e+00 4.9899190831e+01 1.1663896098e+00
9.5680000000e+00 5.0349920665e+01 1.1741539455e+00
9.5840000000e+00 5.0801055649e+01 1.1816304890e+00
9.6000000000e+00 5.1252595058e+01 1.1891278250e+00
9.6160000000e+00 5.1704538168e+01 1.1966457893e+00
9.6310000000e+00 5.2156884259e+01 1.2038702808e+00
9.6460000000e+00 5.2609632615e+01 1.2111130585e+00
9.6610000000e+00 5.3062782522e+01 1.2183739679e+00
9.6760000000e+00 5.3516333270e+01 1.2256528532e+00
9.6910000000e+00 5.3970284150e+01 1.2329495568e+00
9.7050000000e+00 5.4424634460e+01 1.2399451431e+00
9.7190000000e+00 5.4879383499e+01 1.2469563436e+00
9.7330000000e+00 5.5334530567e+01 1.2539830118e+00
9.7470000000e+00 5.5790074970e+01 1.2610249998e+00
9.7600000000e+00 5.6246016017e+01 1.2677597494e+00
9.7740000000e+00 5.6702353019e+01 1.2748310250e+00
9.7870000000e+00 5.7159085288e+01 1.2815929970e+00
9.8000000000e+00 5.7616212143e+01 1.2883679378e+00
9.8130000000e+00 5.8073732904e+01 1.2951557092e+00
9.8250000000e+00 5.8531646893e+01 1.3016294650e+00
9.8370000000e+00 5.8989953435e+01 1.3081141177e+00
9.8500000000e+00 5.9448651861e+01 1.3149378636e+00
9.8620000000e+00 5.9907741501e+01 1.3214447312e+00
9.8730000000e+00 6.0367221690e+01 1.3276321917e+00
9.8850000000e+00 6.0827091765e+01 1.3341591629e+00
9.8970000000e+00 6.1287351066e+01 1.3406963929e+00
9.9080000000e+00 6.1747998935e+01 1.3469115097e+00
9.9190000000e+00 6.2209034719e+01 1.3531351066e+00
9.9300000000e+00 6.2670457765e+01 1.3593670671e+00
9.9410000000e+00 6.3132267425e+01 1.3656072743e+00
9.9510000000e+00 6.3594463053e+01 1.3715204598e+00
9.9620000000e+00 6.4057044004e+01 1.3777760835e+00
9.9720000000e+00 6.4520009639e+01 1.3837030443e+00
9.9820000000e+00 6.4983359318e+01 1.3896363880e+00
9.9920000000e+00 6.5447092406e+01 1.3955760093e+00
1.0002000000e+01 6.5911208271e+01 1.4015218027e+00
1.0012000000e+01 6.6375706282e+01 1.4074736622e+00
1.0022000000e+01 6.6840585810e+01 1.4134314815e+00
1.0031000000e+01 6.7305846232e+01 1.4190546059e+00
1.0040000000e+01 6.7771486924e+01 1.4246822005e+00
1.0050000000e+01 6.8237507267e+01 1.4306559600e+00
1.0059000000e+01 6.8703906642e+01 1.4362928278e+00
1.0067000000e+01 6.9170684435e+01 1.4415908699e+00
1.0076000000e+01 6.9637840032e+01 1.4472354083e+00
1.0085000000e+01 7.0105372825e+01 1.4528839469e+00
1.0093000000e+01 7.0573282205e+01 1.4581916123e+00
1.0102000000e+01 7.1041567568e+01 1.4638472767e+00
1.0110000000e+01 7.1510228309e+01 1.4691607355e+00
1.0118000000e+01 7.1979263830e+01 1.4744766859e+00
1.0126000000e+01 7.2448673531e+01 1.4797950457e+00
1.0134000000e+01 7.2918456818e+01 1.4851157328e+00
1.0142000000e+01 7.3388613097e+01 1.4904386650e+00
1.0149000000e+01 7.3859141777e+01 1.4954151469e+00
1.0157000000e+01 7.4330042270e+01 1.5007417917e+00
1.0164000000e+01 7.4801313990e+01 1.5057207980e+00
1.0171000000e+01 7.5272956352e+01 1.5107007089e+00
1.0179000000e+01 7.5744968775e+01 1.5160320771e+00
1.0186000000e+01 7.6217350680e+01 1.5210140721e+00
1.0193000000e+01 7.6690101489e+01 1.5259967575e+00
1.0199000000e+01 7.7163220628e+01 1.5306279980e+00
1.0206000000e+01 7.7636707524e+01 1.5356113814e+00
1.0213000000e+01 7.8110561607e+01 1.5405952492e+00
1.0219000000e+01 7.8584782308e+01 1.5452260879e+00
1.0226000000e+01 7.9059369062e+01 1.5502102535e+00
1.0232000000e+01 7.9534321304e+01 1.5548403648e+00
1.0238000000e+01 8.0009638474e+01 1.5594698066e+00
1.0245000000e+01 8.0485320011e+01 1.5644537003e+00
1.0251000000e+01 8.0961365358e+01 1.5690820469e+00
1.0256000000e+01 8.1437773960e+01 1.5733535359e+00
1.0262000000e+01 8.1914545264e+01 1.5779797204e+00
1.0268000000e+01 8.2391678719e+01 1.5826049457e+00
1.0274000000e+01 8.2869173776e+01 1.5872291541e+00
1.0279000000e+01 8.3347029888e+01 1.5914946874e+00
1.0285000000e+01 8.3825246511e+01 1.5961162943e+00
1.0290000000e+01 8.4303823101e+01 1.6003783553e+00
1.0295000000e+01 8.4782759118e+01 1.6046384243e+00
1.0301000000e+01 8.5262054023e+01 1.6092555344e+00
1.0306000000e+01 8.5741707279e+01 1.6135118352e+00
1.0311000000e+01 8.6221718353e+01 1.6177660019e+00
1.0316000000e+01 8.6702086711e+01 1.6220179886e+00
1.0321000000e+01 8.7182811822e+01 1.6262677494e+00
1.0325000000e+01 8.7663893158e+01 1.6301544232e+00
1.0330000000e+01 8.8145330193e+01 1.6343992584e+00
1.0335000000e+01 8.8627122400e+01 1.6386417341e+00
1.0339000000e+01 8.9109269258e+01 1.6425200150e+00
1.0344000000e+01 8.9591770245e+01 1.6467573097e+00
1.0348000000e+01 9.0074624843e+01 1.6506296979e+00
1.0353000000e+01 9.0557832534e+01 1.6548616446e+00
1.0357000000e+01 9.1041392802e+01 1.6587279874e+00
1.0361000000e+01 9.1525305136e+01 1.6625911062e+00
1.0365000000e+01 9.2009569022e+01 1.6664509663e+00
1.0369000000e+01 9.2494183951e+01 1.6703075334e+00
1.0373000000e+01 9.2979149416e+01 1.6741607732e+00
1.0377000000e+01 9.3464464910e+01 1.6780106515e+00
1.0381000000e+01 9.3950129929e+01 1.6818571343e+00
1.0385000000e+01 9.4436143972e+01 1.6857001876e+00
1.0388000000e+01 9.4922506536e+01 1.6891745560e+00
1.0392000000e+01 9.5409217124e+01 1.6930103865e+00
1.0395000000e+01 9.5896275239e+01 1.6964769673e+00
1.0399000000e+01 9.6383680385e+01 1.7003054535e+00
1.0402000000e+01 9.6871432068e+01 1.7037641383e+00
1.0406000000e+01 9.7359529798e+01 1.7075851600e+00
1.0409000000e+01 9.7847973084e+01 1.7110358415e+00
1.0412000000e+01 9.8336761438e+01 1.7144823699e+00
1.0415000000e+01 9.8825894373e+01 1.7179247217e+00
1.0419000000e+01 9.9315371405e+01 1.7217302201e+00
1.0422000000e+01 9.9805192050e+01 1.7251643628e+00
1.0425000000e+01 1.0029535583e+02 1.7285942562e+00
1.0427000000e+01 1.0078586226e+02 1.7316518970e+00
1.0430000000e+01 1.0127671086e+02 1.7350730176e+00
1.0433000000e+01 1.0176790116e+02 1.7384898232e+00
1.0436000000e+01 1.0225943269e+02 1.7419022913e+00
1.0439000000e+01 1.0275130496e+02 1.7453103993e+00
1.0441000000e+01 1.0324351751e+02 1.7483451657e+00
1.0444000000e+01 1.0373606987e+02 1.7517442956e+00
1.0446000000e+01 1.0422896158e+02 1.7547696821e+00
1.0449000000e+01 1.0472219215e+02 1.7581597570e+00
1.0451000000e+01 1.0521576114e+02 1.7611756980e+00
1.0454000000e+01 1.0570966807e+02 1.7645566418e+00
1.0456000000e+01 1.0620391248e+02 1.7675630728e+00
1.0458000000e+01 1.0669849392e+02 1.7705646468e+00
1.0461000000e+01 1.0719341192e+02 1.7739316679e+00
1.0463000000e+01 1.0768866603e+02 1.7769236394e+00
1.0465000000e+01 1.0818425579e+02 1.7799107121e+00
1.0467000000e+01 1.0868018075e+02 1.7828928732e+00
1.0469000000e+01 1.0917644045e+02 1.7858701098e+00
1.0471000000e+01 1.0967303445e+02 1.7888424095e+00
1.0473000000e+01 1.1016996229e+02 1.7918097597e+00
1.0475000000e+01 1.1066722353e+02 1.7947721480e+00
1.0477000000e+01 1.1116481772e+02 1.7977295622e+00
1.0478000000e+01 1.1166274442e+02 1.8003104041e+00
1.0480000000e+01 1.1216100318e+02 1.8032577054e+00
1.0482000000e+01 1.1265959355e+02 1.8061999988e+00
1.0484000000e+01 1.1315851511e+02 1.8091372727e+00
1.0485000000e+01 1.1365776741e+02 1.8116974468e+00
1.0487000000e+01 1.1415735001e+02 1.8146245281e+00
1.0488000000e+01 1.1465726248e+02 1.8171742699e+00
1.0490000000e+01 1.1515750438e+02 1.8200911224e+00
1.0491000000e+01 1.1565807527e+02 1.8226304055e+00
1.0493000000e+01 1.1615897474e+02 1.8255369940e+00
1.0494000000e+01 1.1666020234e+02 1.8280657928e+00
1.0495000000e+01 1.1716175764e+02 1.8305892953e+00
1.0497000000e+01 1.1766364023e+02 1.8334803724e+00
1.0498000000e+01 1.1816584967e+02 1.8359933560e+00
1.0499000000e+01 1.1866838554e+02 1.8385010297e+00
1.0500000000e+01 1.1917124741e+02 1.8410033899e+00
1.0501000000e+01 1.1967443486e+02 1.8435004330e+00
1.0503000000e+01 1.2017794748e+02 1.8463654487e+00
1.0504000000e+01 1.2068178484e+02 1.8488519218e+00
1.0505000000e+01 1.2118594652e+02 1.8513330655e+00
1.0506000000e+01 1.2169043211e+02 1.8538088768e+00
1.0507000000e+01 1.2219524119e+02 1.8562793524e+00
1.0507000000e+01 1.2270037335e+02 1.8583708451e+00
1.0508000000e+01 1.2320582818e+02 1.8608305766e+00
1.0509000000e+01 1.2371160526e+02 1.8632849657e+00
1.0510000000e+01 1.2421770418e+02 1.8657340098e+00
1.0511000000e+01 1.2472412454e+02 1.8681777061e+00
1.0511000000e+01 1.2523086592e+02 1.8702421207e+00
1.0512000000e+01 1.2573792793e+02 1.8726750600e+00
1.0513000000e+01 1.2624531015e+02 1.8751026461e+00
1.0513000000e+01 1.2675301218e+02 1.8771508017e+00
1.0514000000e+01 1.2726103363e+02 1.8795676266e+00
1.0515000000e+01 1.2776937408e+02 1.8819790935e+00
1.0515000000e+01 1.2827803314e+02 1.8840109993e+00
1.0516000000e+01 1.2878701042e+02 1.8864117022e+00
1.0516000000e+01 1.2929630550e+02 1.8884327712e+00
1.0517000000e+01 1.2980591801e+02 1.8908227102e+00
1.0517000000e+01 1.3031584753e+02 1.8928329503e+00
1.0517000000e+01 1.3082609368e+02 1.8948377673e+00
1.0518000000e+01 1.3133665607e+02 1.8972115459e+00
1.0518000000e+01 1.3184753430e+02 1.8992055485e+00
1.0518000000e+01 1.3235872799e+02 1.9011941382e+00
1.0519000000e+01 1.3287023674e+02 1.9035517657e+00
1.0519000000e+01 1.3338206018e+02 1.9055295568e+00
1.0519000000e+01 1.3389419790e+02 1.9075019457e+00
1.0519000000e+01 1.3440664953e+02 1.9094689366e+00
1.0520000000e+01 1.3491941468e+02 1.9118050405e+00
1.0520000000e+01 1.3543249297e+02 1.9137612567e+00
1.0520000000e+01 1.3594588401e+02 1.9157120864e+00
1.0520000000e+01 1.3645958744e+02 1.9176575340e+00
1.0520000000e+01 1.3697360286e+02 1.9195976040e+00
1.0520000000e+01 1.3748792990e+02 1.9215323010e+00
1.0520000000e+01 1.3800256818e+02 1.9234616296e+00
1.0520000000e+01 1.3851751733e+02 1.9253855946e+00
1.0520000000e+01 1.3903277697e+02 1.9273042006e+00
1.0520000000e+01 1.3954834673e+02 1.9292174524e+00
1.0520000000e+01 1.4006422623e+02 1.9311253548e+00
1.0520000000e+01 1.4058041510e+02 1.9330279128e+00
1.0519000000e+01 1.4109691298e+02 1.9345506304e+00
1.0519000000e+01 1.4161371949e+02 1.9364425251e+00
1.0519000000e+01 1.4213083427e+02 1.9383290918e+00
1.0519000000e+01 1.4264825694e+02 1.9402103357e+00
1.0519000000e+01 1.4316598715e+02 1.9420862617e+00
1.0518000000e+01 1.4368402452e+02 1.9435824510e+00
1.0518000000e+01 1.4420236870e+02 1.9454477755e+00
1.0518000000e+01 1.4472101932e+02 1.9473077993e+00
1.0517000000e+01 1.4523997601e+02 1.9487881701e+00
1.0517000000e+01 1.4575923843e+02 1.9506376315e+00
1.0517000000e+01 1.4627880620e+02 1.9524818099e+00
1.0516000000e+01 1.4679867897e+02 1.9539464322e+00
1.0516000000e+01 1.4731885639e+02 1.9557800880e+00
1.0515000000e+01 1.4783933810e+02 1.9572342621e+00
1.0515000000e+01 1.4836012373e+02 1.9590574232e+00
1.0515000000e+01 1.4888121294e+02 1.9608753319e+00
1.0514000000e+01 1.4940260537e+02 1.9623138773e+00
1.0514000000e+01 1.4992430068e+02 1.9641213323e+00
1.0513000000e+01 1.5044629851e+02 1.9655495122e+00
1.0512000000e+01 1.5096859850e+02 1.9669725433e+00
1.0512000000e+01 1.5149120032e+02 1.9687643907e+00
1.0511000000e+01 1.5201410360e+02 1.9701771087e+00
1.0511000000e+01 1.5253730802e+02 1.9719585758e+00
1.0510000000e+01 1.5306081321e+02 1.9733610151e+00
1.0509000000e+01 1.5358461883e+02 1.9747583521e+00
1.0509000000e+01 1.5410872455e+02 1.9765243261e+00
1.0508000000e+01 1.5463313001e+02 1.9779114375e+00
1.0507000000e+01 1.5515783487e+02 1.9792934750e+00
1.0507000000e+01 1.5568283880e+02 1.9810440267e+00
1.0506000000e+01 1.5620814145e+02 1.9824158920e+00
1.0505000000e+01 1.5673374248e+02 1.9837827121e+00
1.0504000000e+01 1.5725964155e+02 1.9851444969e+00
1.0503000000e+01 1.5778583833e+02 1.9865012563e+00
1.0503000000e+01 1.5831233249e+02 1.9882262998e+00
1.0502000000e+01 1.5883912368e+02 1.9895729786e+00
1.0501000000e+01 1.5936621156e+02 1.9909146609e+00
1.0500000000e+01 1.5989359582e+02 1.9922513568e+00
1.0499000000e+01 1.6042127611e+02 1.9935830762e+00
1.0498000000e+01 1.6094925210e+02 1.9949098292e+00
1.0497000000e+01 1.6147752346e+02 1.9962316259e+00
1.0496000000e+01 1.6200608986e+02 1.9975484763e+00
1.0495000000e+01 1.6253495098e+02 1.9988603904e+00
1.0494000000e+01 1.6306410648e+02 2.0001673785e+00
1.0494000000e+01 1.6359355604e+02 2.0018421049e+00
1.0493000000e+01 1.6412329932e+02 2.0031392004e+00
1.0492000000e+01 1.6465333602e+02 2.0044313989e+00
1.0490000000e+01 1.6518366579e+02 2.0053462714e+00
1.0489000000e+01 1.6571428832e+02 2.0066287804e+00
1.0488000000e+01 1.6624520329e+02 2.0079064241e+00
1.0487000000e+01 1.6677641037e+02 2.0091792125e+00
1.0486000000e+01 1.6730790924e+02 2.0104471558e+00
1.0485000000e+01 1.6783969958e+02 2.0117102642e+00
1.0484000000e+01 1.6837178108e+02 2.0129685479e+00
1.0483000000e+01 1.6890415341e+02 2.0142220171e+00
1.0482000000e+01 1.6943681626e+02 2.0154706819e+00
1.0481000000e+01 1.6996976930e+02 2.0167145526e+00
1.0479000000e+01 1.7050301224e+02 2.0175819831e+00
1.0478000000e+01 1.7103654474e+02 2.0188163797e+00
1.0477000000e+01 1.7157036650e+02 2.0200460138e+00
1.0476000000e+01 1.7210447720e+02 2.0212708956e+00
1.0475000000e+01 1.7263887653e+02 2.0224910354e+00
1.0473000000e+01 1.7317356418e+02 2.0233352143e+00
1.0472000000e+01 1.7370853984e+02 2.0245459888e+00
1.0471000000e+01 1.7424380320e+02 2.0257520531e+00
1.0470000000e+01 1.7477935395e+02 2.0269534172e+00
1.0468000000e+01 1.7531519178e+02 2.0277792200e+00
1.0467000000e+01 1.7585131638e+02 2.0289713064e+00
1.0466000000e+01 1.7638772746e+02 2.0301587243e+00
1.0464000000e+01 1.7692442469e+02 2.0309708900e+00
1.0463000000e+01 1.7746140778e+02 2.0321490962e+00
1.0462000000e+01 1.7799867643e+02 2.0333226657e+00
1.0460000000e+01 1.7853623033e+02 2.0341212993e+00
1.0459000000e+01 1.7907406917e+02 2.0352857230e+00
1.0458000000e+01 1.7961219266e+02 2.0364455418e+00
1.0456000000e+01 1.8015060049e+02 2.0372307482e+00
1.0455000000e+01 1.8068929238e+02 2.0383814871e+00
1.0454000000e+01 1.8122826800e+02 2.0395276528e+00
1.0452000000e+01 1.8176752708e+02 2.0402995368e+00
1.0451000000e+01 1.8230706930e+02 2.0414366886e+00
1.0449000000e+01 1.8284689438e+02 2.0421997828e+00
1.0448000000e+01 1.8338700201e+02 2.0433279649e+00
1.0446000000e+01 1.8392739191e+02 2.0440823166e+00
1.0445000000e+01 1.8446806377e+02 2.0452015736e+00
1.0443000000e+01 1.8500901731e+02 2.0459472299e+00
1.0442000000e+01 1.8555025223e+02 2.0470576060e+00
1.0440000000e+01 1.8609176823e+02 2.0477946141e+00
1.0439000000e+01 1.8663356504e+02 2.0488961536e+00
1.0437000000e+01 1.8717564234e+02 2.0496245605e+00
1.0436000000e+01 1.8771799987e+02 2.0507173076e+00
1.0434000000e+01 1.8826063732e+02 2.0514371603e+00
1.0433000000e+01 1.8880355441e+02 2.0525211591e+00
1.0431000000e+01 1.8934675085e+02 2.0532325044e+00
1.0430000000e+01 1.8989022635e+02 2.0543077990e+00
1.0428000000e+01 1.9043398063e+02 2.0550106837e+00
1.0426000000e+01 1.9097801340e+02 2.0557094107e+00
1.0425000000e+01 1.9152232437e+02 2.0567717887e+00
1.0423000000e+01 1.9206691327e+02 2.0574621257e+00
1.0422000000e+01 1.9261177981e+02 2.0585159101e+00
1.0420000000e+01 1.9315692370e+02 2.0591979034e+00
1.0418000000e+01 1.9370234467e+02 2.0598757989e+00
1.0417000000e+01 1.9424804244e+02 2.0609168340e+00
1.0415000000e+01 1.9479401671e+02 2.0615864560e+00
1.0413000000e+01 1.9534026722e+02 2.0622520161e+00
1.0412000000e+01 1.9588679368e+02 2.0632804022e+00
1.0410000000e+01 1.9643359582e+02 2.0639377586e+00
1.0408000000e+01 1.9698067335e+02 2.0645910886e+00
1.0407000000e+01 1.9752802601e+02 2.0656069259e+00
1.0405000000e+01 1.9807565351e+02 2.0662521217e+00
1.0403000000e+01 1.9862355558e+02 2.0668933268e+00
1.0402000000e+01 1.9917173194e+02 2.0678967149e+00
1.0400000000e+01 1.9972018233e+02 2.0685298549e+00
1.0398000000e+01 2.0026890646e+02 2.0691590395e+00
1.0397000000e+01 2.0081790406e+02 2.0701500779e+00
1.0395000000e+01 2.0136717486e+02 2.0707712664e+00
1.0393000000e+01 2.0191671860e+02 2.0713885346e+00
1.0391000000e+01 2.0246653499e+02 2.0720018945e+00
1.0390000000e+01 2.0301662377e+02 2.0729766630e+00
1.0388000000e+01 2.0356698467e+02 2.0735821185e+00
1.0386000000e+01 2.0411761742e+02 2.0741837005e+00
1.0384000000e+01 2.0466852175e+02 2.0747814207e+00
1.0382000000e+01 2.0521969740e+02 2.0753752910e+00
1.0381000000e+01 2.0577114410e+02 2.0763300033e+00
1.0379000000e+01 2.0632286157e+02 2.0769160833e+00
1.0377000000e+01 2.0687484957e+02 2.0774983480e+00
1.0375000000e+01 2.0742710781e+02 2.0780768089e+00
1.0373000000e+01 2.0797963604e+02 2.0786514778e+00
1.0372000000e+01 2.0853243400e+02 2.0795864095e+00
1.0370000000e+01 2.0908550141e+02 2.0801534013e+00
1.0368000000e+01 2.0963883803e+02 2.0807166354e+00
1.0366000000e+01 2.1019244358e+02 2.0812761231e+00
1.0364000000e+01 2.1074631780e+02 2.0818318761e+00
1.0362000000e+01 2.1130046044e+02 2.0823839059e+00
1.0360000000e+01 2.1185487124e+02 2.0829322238e+00
1.0359000000e+01 2.1240954993e+02 2.0838399767e+00
1.0357000000e+01 2.1296449626e+02 2.0843807749e+00
1.0355000000e+01 2.1351970997e+02 2.0849178951e+00
1.0353000000e+01 2.1407519080e+02 2.0854513489e+00
1.0351000000e+01 2.1463093850e+02 2.0859811474e+00
1.0349000000e+01 2.1518695280e+02 2.0865073021e+00
1.0347000000e+01 2.1574323346e+02 2.0870298242e+00
1.0345000000e+01 2.1629978022e+02 2.0875487251e+00
1.0343000000e+01 2.1685659283e+02 2.0880640159e+00
1.0342000000e+01 2.1741367103e+02 2.0889376475e+00
1.0340000000e+01 2.1797101456e+02 2.0894456180e+00
1.0338000000e+01 2.1852862318e+02 2.0899500118e+00
1.0336000000e+01 2.1908649664e+02 2.0904508401e+00
1.0334000000e+01 2.1964463468e+02 2.0909481140e+00
1.0332000000e+01 2.2020303705e+02 2.0914418446e+00
1.0330000000e+01 2.2076170351e+02 2.0919320429e+00
1.0328000000e+01 2.2132063379e+02 2.0924187202e+00
1.0326000000e+01 2.2187982766e+02 2.0929018875e+00
1.0324000000e+01 2.2243928487e+02 2.0933815557e+00
1.0322000000e+01 2.2299900517e+02 2.0938577358e+00
1.0320000000e+01 2.2355898831e+02 2.0943304389e+00
1.0318000000e+01 2.2411923404e+02 2.0947996759e+00
1.0316000000e+01 2.2467974212e+02 2.0952654578e+00
1.0314000000e+01 2.2524051230e+02 2.0957277954e+00
1.0312000000e+01 2.2580154435e+02 2.0961866996e+00
1.0310000000e+01 2.2636283800e+02 2.0966421813e+00
1.0308000000e+01 2.2692439303e+02 2.0970942513e+00
1.0306000000e+01 2.2748620919e+02 2.0975429204e+00
1.0304000000e+01 2.2804828623e+02 2.0979881995e+00
1.0302000000e+01 2.2861062391e+02 2.0984300992e+00
1.0300000000e+01 2.2917322200e+02 2.0988686303e+00
1.0298000000e+01 2.2973608025e+02 2.0993038035e+00
1.0296000000e+01 2.3029919842e+02 2.0997356296e+00
1.0294000000e+01 2.3086257626e+02 2.1001641191e+00
1.0292000000e+01 2.3142621356e+02 2.1005892827e+00
1.0290000000e+01 2.3199011005e+02 2.1010111310e+00
1.0288000000e+01 2.3255426551e+02 2.1014296747e+00
1.0286000000e+01 2.3311867970e+02 2.1018449242e+00
1.0284000000e+01 2.3368335237e+02 2.1022568901e+00
1.0282000000e+01 2.3424828331e+02 2.1026655830e+00
1.0280000000e+01 2.3481347226e+02 2.1030710133e+00
1.0278000000e+01 2.3537891899e+02 2.1034731915e+00
1.0276000000e+01 2.3594462327e+02 2.1038721280e+00
1.0274000000e+01 2.3651058486e+02 2.1042678333e+00
1.0272000000e+01 2.3707680354e+02 2.1046603177e+00
1.0269000000e+01 2.3764327906e+02 2.1046926799e+00
1.0267000000e+01 2.3821001120e+02 2.1050788986e+00
1.0265000000e+01 2.3877699972e+02 2.1054619277e+00
1.0263000000e+01 2.3934424438e+02 2.1058417775e+00
1.0261000000e+01 2.3991174497e+02 2.1062184584e+00
1.0259000000e+01 2.4047950125e+02 2.1065919804e+00
1.0257000000e+01 2.4104751298e+02 2.1069623539e+00
1.0255000000e+01 2.4161577994e+02 2.1073295890e+00
1.0253000000e+01 2.4218430191e+02 2.1076936959e+00
1.0251000000e+01 2.4275307864e+02 2.1080546847e+00
1.0249000000e+01 2.4332210992e+02 2.1084125656e+00
1.0246000000e+01 2.4389139551e+02 2.1084120330e+00
1.0244000000e+01 2.4446093519e+02 2.1087638757e+00
1.0242000000e+01 2.4503072874e+02 2.1091126409e+00
1.0240000000e+01 2.4560077592e+02 2.1094583385e+00
1.0238000000e+01 2.4617107651e+02 2.1098009786e+00
1.0236000000e+01 2.4674163029e+02 2.1101405712e+00
1.0234000000e+01 2.4731243702e+02 2.1104771261e+00
1.0232000000e+01 2.4788349650e+02 2.1108106534e+00
1.0230000000e+01 2.4845480849e+02 2.1111411629e+00
1.0227000000e+01 2.4902637277e+02 2.1111146713e+00
1.0225000000e+01 2.4959818912e+02 2.1114393239e+00
1.0223000000e+01 2.5017025731e+02 2.1117609884e+00
1.0221000000e+01 2.5074257713e+02 2.1120796747e+00
1.0219000000e+01 2.5131514835e+02 2.1123953924e+00
1.0217000000e+01 2.5188797075e+02 2.1127081514e+00
1.0215000000e+01 2.5246104412e+02 2.1130179612e+00
1.0212000000e+01 2.5303436823e+02 2.1129718745e+00
1.0210000000e+01 2.5360794286e+02 2.1132759657e+00
1.0208000000e+01 2.5418176780e+02 2.1135771370e+00
1.0206000000e+01 2.5475584283e+02 2.1138753980e+00
1.0204000000e+01 2.5533016773e+02 2.1141707583e+00
1.0202000000e+01 2.5590474227e+02 2.1144632275e+00
1.0199000000e+01 2.5647956626e+02 2.1144007502e+00
1.0197000000e+01 2.5705463946e+02 2.1146876171e+00
1.0195000000e+01 2.5762996167e+02 2.1149716215e+00
1.0193000000e+01 2.5820553266e+02 2.1152527730e+00
1.0191000000e+01 2.5878135223e+02 2.1155310810e+00
1.0189000000e+01 2.5935742016e+02 2.1158065549e+00
1.0186000000e+01 2.5993373623e+02 2.1157280364e+00
1.0184000000e+01 2.6051030023e+02 2.1159980224e+00
1.0182000000e+01 2.6108711195e+02 2.1162652026e+00
1.0180000000e+01 2.6166417118e+02 2.1165295862e+00
1.0178000000e+01 2.6224147770e+02 2.1167911825e+00
1.0176000000e+01 2.6281903130e+02 2.1170500008e+00
1.0173000000e+01 2.6339683177e+02 2.1169557846e+00
1.0171000000e+01 2.6397487890e+02 2.1172092276e+00
1.0169000000e+01 2.6455317249e+02 2.1174599204e+00
1.0167000000e+01 2.6513171231e+02 2.1177078721e+00
1.0165000000e+01 2.6571049816e+02 2.1179530920e+00
1.0162000000e+01 2.6628952983e+02 2.1178460755e+00
1.0160000000e+01 2.6686880712e+02 2.1180860124e+00
1.0158000000e+01 2.6744832981e+02 2.1183232447e+00
1.0156000000e+01 2.6802809769e+02 2.1185577815e+00
1.0154000000e+01 2.6860811057e+02 2.1187896319e+00
1.0151000000e+01 2.6918836823e+02 2.1186700461e+00
1.0149000000e+01 2.6976887046e+02 2.1188967046e+00
1.0147000000e+01 2.7034961707e+02 2.1191207035e+00
1.0145000000e+01 2.7093060784e+02 2.1193420520e+00
1.0143000000e+01 2.7151184257e+02 2.1195607587e+00
1.0140000000e+01 2.7209332106e+02 2.1194288311e+00
1.0138000000e+01 2.7267504310e+02 2.1196424356e+00
1.0136000000e+01 2.7325700848e+02 2.1198534252e+00
1.0134000000e+01 2.7383921701e+02 2.1200618085e+00
1.0132000000e+01 2.7442166848e+02 2.1202675944e+00
1.0129000000e+01 2.7500436269e+02 2.1201235488e+00
1.0127000000e+01 2.7558729944e+02 2.1203243208e+00
1.0125000000e+01 2.7617047852e+02 2.1205225217e+00
1.0123000000e+01 2.7675389974e+02 2.1207181600e+00
1.0121000000e+01 2.7733756288e+02 2.1209112444e+00
1.0118000000e+01 2.7792146776e+02 2.1207553015e+00
1.0116000000e+01 2.7850561418e+02 2.1209434593e+00
1.0114000000e+01 2.7909000192e+02 2.1211290890e+00
1.0112000000e+01 2.7967463080e+02 2.1213121993e+00
1.0109000000e+01 2.8025950062e+02 2.1211469231e+00
1.0107000000e+01 2.8084461117e+02 2.1213251755e+00
1.0105000000e+01 2.8142996226e+02 2.1215009341e+00
1.0103000000e+01 2.8201555369e+02 2.1216742071e+00
1.0101000000e+01 2.8260138527e+02 2.1218450032e+00
1.0098000000e+01 2.8318745679e+02 2.1216682182e+00
1.0096000000e+01 2.8377376807e+02 2.1218342412e+00
1.0094000000e+01 2.8436031890e+02 2.1219978124e+00
1.0092000000e+01 2.8494710909e+02 2.1221589401e+00
1.0089000000e+01 2.8553413844e+02 2.1219731283e+00
1.0087000000e+01 2.8612140676e+02 2.1221295500e+00
1.0085000000e+01 2.8670891386e+02 2.1222835531e+00
1.0083000000e+01 2.8729665955e+02 2.1224351458e+00
1.0080000000e+01 2.8788464361e+02 2.1222404406e+00
1.0078000000e+01 2.8847286588e+02 2.1223873934e+00
1.0076000000e+01 2.8906132614e+02 2.1225319605e+00
1.0074000000e+01 2.8965002422e+02 2.1226741500e+00
1.0072000000e+01 2.9023895992e+02 2.1228139700e+00
1.0069000000e+01 2.9082813304e+02 2.1226082981e+00
1.0067000000e+01 2.9141754339e+02 2.1227435598e+00
1.0065000000e+01 2.9200719079e+02 2.1228764762e+00
1.0063000000e+01 2.9259707504e+02 2.1230070554e+00
1.0060000000e+01 2.9318719596e+02 2.1227927842e+00
1.0058000000e+01 2.9377755335e+02 2.1229188695e+00
1.0056000000e+01 2.9436814703e+02 2.1230426414e+00
1.0054000000e+01 2.9495897680e+02 2.1231641081e+00
1.0051000000e+01 2.9555004248e+02 2.1229413656e+00
1.0049000000e+01 2.9614134388e+02 2.1230584018e+00
1.0047000000e+01 2.9673288081e+02 2.1231731563e+00
1.0045000000e+01 2.9732465308e+02 2.1232856371e+00
1.0042000000e+01 2.9791666051e+02 2.1230545496e+00
1.0040000000e+01 2.9850890291e+02 2.1231626627e+00
1.0038000000e+01 2.9910138010e+02 2.1232685253e+00
1.0036000000e+01 2.9969409188e+02 2.1233721453e+00
1.0033000000e+01 3.0028703807e+02 2.1231328376e+00
1.0031000000e+01 3.0088021850e+02 2.1232321519e+00
1.0029000000e+01 3.0147363296e+02 2.1233292465e+00
1.0027000000e+01 3.0206728128e+02 2.1234241293e+00
1.0024000000e+01 3.0266116328e+02 2.1231767245e+00
1.0022000000e+01 3.0325527877e+02 2.1232673628e+00
1.0020000000e+01 3.0384962756e+02 2.1233558119e+00
1.0018000000e+01 3.0444420948e+02 2.1234420795e+00
1.0015000000e+01 3.0503902434e+02 2.1231866991e+00
1.0013000000e+01 3.0563407195e+02 2.1232687827e+00
1.0011000000e+01 3.0622935215e+02 2.1233487073e+00
1.0009000000e+01 3.0682486474e+02 2.1234264803e+00
1.0006000000e+01 3.0742060954e+02 2.1231632441e+00
1.0004000000e+01 3.0801658637e+02 2.1232368929e+00
1.0002000000e+01 3.0861279506e+02 2.1233084123e+00
1.0000000000e+01 3.0920923542e+02 2.1233778099e+00
9.9970000000e+00 3.0980590728e+02 2.1231068363e+00
9.9950000000e+00 3.1040281044e+02 2.1231721685e+00
9.9930000000e+00 3.1099994474e+02 2.1232354007e+00
9.9910000000e+00 3.1159731000e+02 2.1232965404e+00
9.9880000000e+00 3.1219490603e+02 2.1230179461e+00
9.9860000000e+00 3.1279273266e+02 2.1230750786e+00
9.9840000000e+00 3.1339078971e+02 2.1231301402e+00
9.9820000000e+00 3.1398907701e+02 2.1231831380e+00
9.9790000000e+00 3.1458759437e+02 2.1228970383e+00
9.9770000000e+00 3.1518634162e+02 2.1229460865e+00
9.9750000000e+00 3.1578531858e+02 2.1229930924e+00
9.9730000000e+00 3.1638452508e+02 2.1230380631e+00
9.9700000000e+00 3.1698396095e+02 2.1227445716e+00
9.9680000000e+00 3.1758362600e+02 2.1227856494e+00
9.9660000000e+00 3.1818352005e+02 2.1228247132e+00
9.9640000000e+00 3.1878364295e+02 2.1228617700e+00
9.9620000000e+00 3.1938399451e+02 2.1228968268e+00
9.9590000000e+00 3.1998457455e+02 2.1225942188e+00
9.9570000000e+00 3.2058538291e+02 2.1226254526e+00
9.9550000000e+00 3.2118641941e+02 2.1226547073e+00
9.9530000000e+00 3.2178768388e+02 2.1226819897e+00
9.9500000000e+00 3.2238917614e+02 2.1223722404e+00
9.9480000000e+00 3.2299089603e+02 2.1223957549e+00
9.9460000000e+00 3.2359284336e+02 2.1224173178e+00
9.9440000000e+00 3.2419501797e+02 2.1224369360e+00
9.9410000000e+00 3.2479741970e+02 2.1221201541e+00
9.9390000000e+00 3.2540004835e+02 2.1221360587e+00
9.9370000000e+00 3.2600290377e+02 2.1221500388e+00
9.9350000000e+00 3.2660598579e+02 2.1221621012e+00
9.9320000000e+00 3.2720929423e+02 2.1218383941e+00
9.9300000000e+00 3.2781282893e+02 2.1218467966e+00
9.9280000000e+00 3.2841658971e+02 2.1218533015e+00
9.9260000000e+00 3.2902057641e+02 2.1218579154e+00
9.9230000000e+00 3.2962478886e+02 2.1215273891e+00
9.9210000000e+00 3.3022922688e+02 2.1215283961e+00
9.9190000000e+00 3.3083389031e+02 2.1215275320e+00
9.9170000000e+00 3.3143877899e+02 2.1215248032e+00
9.9140000000e+00 3.3204389274e+02 2.1211875620e+00
9.9120000000e+00 3.3264923140e+02 2.1211812787e+00
9.9100000000e+00 3.3325479480e+02 2.1211731504e+00
9.9080000000e+00 3.3386058278e+02 2.1211631835e+00
9.9050000000e+00 3.3446659516e+02 2.1208193306e+00
9.9030000000e+00 3.3507283178e+02 2.1208058607e+00
9.9010000000e+00 3.3567929248e+02 2.1207905717e+00
9.8990000000e+00 3.3628597709e+02 2.1207734697e+00
9.8960000000e+00 3.3689288544e+02 2.1204231067e+00
9.8940000000e+00 3.3750001738e+02 2.1204025528e+00
9.8920000000e+00 3.3810737273e+02 2.1203802051e+00
9.8900000000e+00 3.3871495133e+02 2.1203560700e+00
9.8880000000e+00 3.3932275302e+02 2.1203301537e+00
9.8850000000e+00 3.3993077763e+02 2.1199717603e+00
9.8830000000e+00 3.4053902500e+02 2.1199424548e+00
9.8810000000e+00 3.4114749497e+02 2.1199113869e+00
9.8790000000e+00 3.4175618738e+02 2.1198785630e+00
9.8760000000e+00 3.4236510205e+02 2.1195138831e+00
9.8740000000e+00 3.4297423884e+02 2.1194777193e+00
9.8720000000e+00 3.4358359758e+02 2.1194398180e+00
9.8700000000e+00 3.4419317810e+02 2.1194001851e+00
9.8670000000e+00 3.4480298025e+02 2.1190293161e+00
9.8650000000e+00 3.4541300386e+02 2.1189863922e+00
9.8630000000e+00 3.4602324877e+02 2.1189417552e+00
9.8610000000e+00 3.4663371483e+02 2.1188954110e+00
9.8580000000e+00 3.4724440187e+02 2.1185184487e+00
9.8560000000e+00 3.4785530974e+02 2.1184688616e+00
9.8540000000e+00 3.4846643827e+02 2.1184175855e+00
9.8520000000e+00 3.4907778730e+02 2.1183646262e+00
9.8500000000e+00 3.4968935668e+02 2.1183099899e+00
9.8470000000e+00 3.5030114625e+02 2.1179255105e+00
9.8450000000e+00 3.5091315585e+02 2.1178676906e+00
9.8430000000e+00 3.5152538531e+02 2.1178082114e+00
9.8410000000e+00 3.5213783449e+02 2.1177470786e+00
9.8380000000e+00 3.5275050322e+02 2.1173567169e+00
9.8360000000e+00 3.5336339136e+02 2.1172924474e+00
9.8340000000e+00 3.5397649873e+02 2.1172265418e+00
9.8320000000e+00 3.5458982519e+02 2.1171590061e+00
9.8300000000e+00 3.5520337057e+02 2.1170898461e+00
9.8270000000e+00 3.5581713473e+02 2.1166922273e+00
9.8250000000e+00 3.5643111750e+02 2.1166199880e+00
9.8230000000e+00 3.5704531874e+02 2.1165461416e+00
9.8210000000e+00 3.5765973827e+02 2.1164706939e+00
9.8180000000e+00 3.5827437596e+02 2.1160673971e+00
9.8160000000e+00 3.5888923165e+02 2.1159889154e+00
9.8140000000e+00 3.5950430517e+02 2.1159088493e+00
9.8120000000e+00 3.6011959638e+02 2.1158272044e+00
9.8100000000e+00 3.6073510513e+02 2.1157439865e+00
9.8070000000e+00 3.6135083125e+02 2.1153336844e+00
9.8050000000e+00 3.6196677460e+02 2.1152474884e+00
9.8030000000e+00 3.6258293502e+02 2.1151597360e+00
9.8010000000e+00 3.6319931236e+02 2.1150704328e+00
9.7990000000e+00 3.6381590647e+02 2.1149795844e+00
9.7960000000e+00 3.6443271719e+02 2.1145624135e+00
9.7940000000e+00 3.6504974438e+02 2.1144686418e+00
9.7920000000e+00 3.6566698787e+02 2.1143733414e+00
9.7900000000e+00 3.6628444753e+02 2.1142765176e+00
9.7880000000e+00 3.6690212319e+02 2.1141781759e+00
9.7850000000e+00 3.6752001472e+02 2.1137542704e+00
9.7830000000e+00 3.6813812195e+02 2.1136530595e+00
9.7810000000e+00 3.6875644473e+02 2.1135503469e+00
9.7790000000e+00 3.6937498292e+02 2.1134461380e+00
9.7770000000e+00 3.6999373637e+02 2.1133404381e+00
9.7740000000e+00 3.7061270492e+02 2.1129099299e+00
9.7720000000e+00 3.7123188843e+02 2.1128014139e+00
9.7700000000e+00 3.7185128675e+02 2.1126914228e+00
9.7680000000e+00 3.7247089973e+02 2.1125799619e+00
9.7660000000e+00 3.7309072721e+02 2.1124670366e+00
9.7630000000e+00 3.7371076906e+02 2.1120300553e+00
9.7610000000e+00 3.7433102513e+02 2.1119143660e+00
9.7590000000e+00 3.7495149526e+02 2.1117972279e+00
9.7570000000e+00 3.7557217930e+02 2.1116786461e+00
9.7550000000e+00 3.7619307712e+02 2.1115586260e+00
9.7520000000e+00 3.7681418856e+02 2.1111152988e+00
9.7500000000e+00 3.7743551348e+02 2.1109925659e+00
9.7480000000e+00 3.7805705173e+02 2.1108684100e+00
9.7460000000e+00 3.7867880317e+02 2.1107428362e+00
9.7440000000e+00 3.7930076764e+02 2.1106158496e+00
9.7410000000e+00 3.7992294500e+02 2.1101663015e+00
9.7390000000e+00 3.8054533512e+02 2.1100366526e+00
9.7370000000e+00 3.8116793783e+02 2.1099056060e+00
9.7350000000e+00 3.8179075300e+02 2.1097731667e+00
9.7330000000e+00 3.8241378048e+02 2.1096393399e+00
9.7310000000e+00 3.8303702012e+02 2.1095041305e+00
9.7280000000e+00 3.8366047179e+02 2.1090472542e+00
9.7260000000e+00 3.8428413534e+02 2.1089094419e+00
9.7240000000e+00 3.8490801062e+02 2.1087702618e+00
9.7220000000e+00 3.8553209749e+02 2.1086297189e+00
9.7200000000e+00 3.8615639581e+02 2.1084878181e+00
9.7170000000e+00 3.8678090544e+02 2.1080249884e+00
9.7150000000e+00 3.8740562622e+02 2.1078805332e+00
9.7130000000e+00 3.8803055802e+02 2.1077347347e+00
9.7110000000e+00 3.8865570070e+02 2.1075875977e+00
9.7090000000e+00 3.8928105412e+02 2.1074391271e+00
9.7070000000e+00 3.8990661813e+02 2.1072893278e+00
9.7040000000e+00 3.9053239258e+02 2.1068194849e+00
9.7020000000e+00 3.9115837735e+02 2.1066671884e+00
9.7000000000e+00 3.9178457228e+02 2.1065135774e+00
9.6980000000e+00 3.9241097724e+02 2.1063586566e+00
9.6960000000e+00 3.9303759209e+02 2.1062024308e+00
9.6940000000e+00 3.9366441668e+02 2.1060449047e+00
9.6910000000e+00 3.9429145088e+02 2.1055682155e+00
9.6890000000e+00 3.9491869454e+02 2.1054082484e+00
