0.0000000000e+00 -1.7071096409e+01 0.0000000000e+00
0.0000000000e+00 -1.6541353230e+01 0.0000000000e+00
0.0000000000e+00 -1.6010730805e+01 0.0000000000e+00
0.0000000000e+00 -1.5479232041e+01 0.0000000000e+00
0.0000000000e+00 -1.4946859816e+01 0.0000000000e+00
0.0000000000e+00 -1.4413616989e+01 0.0000000000e+00
0.0000000000e+00 -1.3879506391e+01 0.0000000000e+00
0.0000000000e+00 -1.3344530835e+01 0.0000000000e+00
0.0000000000e+00 -1.2808693107e+01 0.0000000000e+00
0.0000000000e+00 -1.2271995974e+01 0.0000000000e+00
0.0000000000e+00 -1.1734442179e+01 0.0000000000e+00
0.0000000000e+00 -1.1196034443e+01 0.0000000000e+00
0.0000000000e+00 -1.0656775468e+01 0.0000000000e+00
0.0000000000e+00 -1.0116667932e+01 0.0000000000e+00
0.0000000000e+00 -9.5757144923e+00 0.0000000000e+00
0.0000000000e+00 -9.0339177871e+00 0.0000000000e+00
0.0000000000e+00 -8.4912804330e+00 0.0000000000e+00
0.0000000000e+00 -7.9478050267e+00 0.0000000000e+00
0.0000000000e+00 -7.4034941447e+00 0.0000000000e+00
0.0000000000e+00 -6.8583503440e+00 0.0000000000e+00
0.0000000000e+00 -6.3123761620e+00 0.0000000000e+00
0.0000000000e+00 -5.7655741171e+00 0.0000000000e+00
0.0000000000e+00 -5.2179467084e+00 0.0000000000e+00
0.0000000000e+00 -4.6694964164e+00 0.0000000000e+00
0.0000000000e+00 -4.1202257030e+00 0.0000000000e+00
0.0000000000e+00 -3.5701370117e+00 0.0000000000e+00
0.0000000000e+00 -3.0192327679e+00 0.0000000000e+00
0.0000000000e+00 -2.4675153794e+00 0.0000000000e+00
0.0000000000e+00 -1.9149872358e+00 0.0000000000e+00
0.0000000000e+00 -1.3616507096e+00 0.0000000000e+00
0.0000000000e+00 -8.0750815589e-01 0.0000000000e+00
0.0000000000e+00 -2.5256191266e-01 0.0000000000e+00
8.5700000000e-01 3.0318569892e-01 9.1416031061e-04
1.4350000000e+00 8.5973237442e-01 4.2961644704e-03
1.8340000000e+00 1.4170758259e+00 8.9820082370e-03
2.1560000000e+00 1.9752137816e+00 1.4615554328e-02
2.4310000000e+00 2.5341439862e+00 2.0986384347e-02
2.6750000000e+00 3.0938641999e+00 2.8007382767e-02
2.8940000000e+00 3.6543721990e+00 3.5524315883e-02
3.0950000000e+00 4.2156657753e+00 4.3525194364e-02
3.2810000000e+00 4.7777427358e+00 5.1940560521e-02
3.4540000000e+00 5.3406009031e+00 6.0699746193e-02
3.6170000000e+00 5.9042381145e+00 6.9822044434e-02
3.7700000000e+00 6.4686522225e+00 7.9195809215e-02
3.9140000000e+00 7.0338410942e+00 8.8772209966e-02
4.0520000000e+00 7.5998026113e+00 9.8661948338e-02
4.1830000000e+00 8.1665346699e+00 1.0872625525e-01
4.3080000000e+00 8.7340351804e+00 1.1896723782e-01
4.4270000000e+00 9.3023020673e+00 1.2931910898e-01
4.5420000000e+00 9.8713332690e+00 1.3989463742e-01
4.6520000000e+00 1.0441126738e+01 1.5055925632e-01
4.7580000000e+00 1.1011680440e+01 1.6135701592e-01
4.8600000000e+00 1.1582992354e+01 1.7224621639e-01
4.9580000000e+00 1.2155060474e+01 1.8318483568e-01
5.0530000000e+00 1.2727882804e+01 1.9424169953e-01
5.1450000000e+00 1.3301457366e+01 2.0538688382e-01
5.2340000000e+00 1.3875782190e+01 2.1659024560e-01
5.3200000000e+00 1.4450855321e+01 2.2782153527e-01
5.4040000000e+00 1.5026674817e+01 2.3917740535e-01
5.4850000000e+00 1.5603238749e+01 2.5050842874e-01
5.5630000000e+00 1.6180545198e+01 2.6178440054e-01
5.6400000000e+00 1.6758592260e+01 2.7325179552e-01
5.7140000000e+00 1.7337378042e+01 2.8461905727e-01
5.7860000000e+00 1.7916900662e+01 2.9600193605e-01
5.8560000000e+00 1.8497158252e+01 3.0738168192e-01
5.9240000000e+00 1.9078148955e+01 3.1873960877e-01
5.9910000000e+00 1.9659870925e+01 3.3021310013e-01
6.0560000000e+00 2.0242322329e+01 3.4163449716e-01
6.1190000000e+00 2.0825501343e+01 3.5298532158e-01
6.1800000000e+00 2.1409406157e+01 3.6424728855e-01
6.2400000000e+00 2.1994034971e+01 3.7557154538e-01
6.2990000000e+00 2.2579385996e+01 3.8694978302e-01
6.3560000000e+00 2.3165457454e+01 3.9819805914e-01
6.4120000000e+00 2.3752247578e+01 4.0947735363e-01
6.4670000000e+00 2.4339754613e+01 4.2077938613e-01
6.5200000000e+00 2.4927976813e+01 4.3191110300e-01
6.5720000000e+00 2.5516912443e+01 4.4304304593e-01
6.6230000000e+00 2.6106559779e+01 4.5416707320e-01
6.6730000000e+00 2.6696917107e+01 4.6527507467e-01
6.7210000000e+00 2.7287982724e+01 4.7616263345e-01
6.7690000000e+00 2.7879754935e+01 4.8721160798e-01
6.8150000000e+00 2.8472232057e+01 4.9801865306e-01
6.8610000000e+00 2.9065412418e+01 5.0897688771e-01
6.9060000000e+00 2.9659294354e+01 5.1987936283e-01
6.9490000000e+00 3.0253876210e+01 5.3050841844e-01
6.9920000000e+00 3.0849156343e+01 5.4127355099e-01
7.0340000000e+00 3.1445133119e+01 5.5195991145e-01
7.0750000000e+00 3.2041804913e+01 5.6255998929e-01
7.1150000000e+00 3.2639170109e+01 5.7306636997e-01
7.1550000000e+00 3.3237227101e+01 5.8369420317e-01
7.1930000000e+00 3.3835974293e+01 5.9399373276e-01
7.2310000000e+00 3.4435410096e+01 6.0440512086e-01
7.2680000000e+00 3.5035532934e+01 6.1469877985e-01
7.3050000000e+00 3.5636341235e+01 6.2509959049e-01
7.3400000000e+00 3.6237833440e+01 6.3513912627e-01
7.3750000000e+00 3.6840007996e+01 6.4527659089e-01
7.4100000000e+00 3.7442863362e+01 6.5551191725e-01
7.4430000000e+00 3.8046398002e+01 6.6536338852e-01
7.4760000000e+00 3.8650610391e+01 6.7530378183e-01
7.5090000000e+00 3.9255499012e+01 6.8533298518e-01
7.5410000000e+00 3.9861062357e+01 6.9520371051e-01
7.5720000000e+00 4.0467298925e+01 7.0490955263e-01
7.6030000000e+00 4.1074207223e+01 7.1469543723e-01
7.6330000000e+00 4.1681785770e+01 7.2430798052e-01
7.6620000000e+00 4.2290033088e+01 7.3374105587e-01
7.6910000000e+00 4.2898947711e+01 7.4324573318e-01
7.7200000000e+00 4.3508528180e+01 7.5282183336e-01
7.7480000000e+00 4.4118773042e+01 7.6220825613e-01
7.7750000000e+00 4.4729680854e+01 7.7139916739e-01
7.8020000000e+00 4.5341250181e+01 7.8065340493e-01
7.8280000000e+00 4.5953479595e+01 7.8970442530e-01
7.8540000000e+00 4.6566367674e+01 7.9881477042e-01
7.8800000000e+00 4.7179913008e+01 8.0798423332e-01
7.9050000000e+00 4.7794114189e+01 8.1694099817e-01
7.9300000000e+00 4.8408969821e+01 8.2595296884e-01
7.9540000000e+00 4.9024478514e+01 8.3474495189e-01
7.9780000000e+00 4.9640638884e+01 8.4358833416e-01
8.0010000000e+00 5.0257449557e+01 8.5220465774e-01
8.0240000000e+00 5.0874909163e+01 8.6086868401e-01
8.0470000000e+00 5.1493016341e+01 8.6958019361e-01
8.0690000000e+00 5.2111769738e+01 8.7805597940e-01
8.0910000000e+00 5.2731168007e+01 8.8657566374e-01
8.1120000000e+00 5.3351209807e+01 8.9485301212e-01
8.1330000000e+00 5.3971893805e+01 9.0317079338e-01
8.1540000000e+00 5.4593218676e+01 9.1152878994e-01
8.1740000000e+00 5.5215183100e+01 9.1963637356e-01
8.1940000000e+00 5.5837785763e+01 9.2778082971e-01
8.2140000000e+00 5.6461025362e+01 9.3596194245e-01
8.2340000000e+00 5.7084900595e+01 9.4417949123e-01
8.2530000000e+00 5.7709410172e+01 9.5213722899e-01
8.2710000000e+00 5.8334552804e+01 9.5983085605e-01
8.2900000000e+00 5.8960327214e+01 9.6785347484e-01
8.3080000000e+00 5.9586732128e+01 9.7560890036e-01
8.3260000000e+00 6.0213766279e+01 9.8339426115e-01
8.3430000000e+00 6.0841428407e+01 9.9090681860e-01
8.3600000000e+00 6.1469717257e+01 9.9844636419e-01
8.3770000000e+00 6.2098631583e+01 1.0060126994e+00
8.3940000000e+00 6.2728170142e+01 1.0136056228e+00
8.4100000000e+00 6.3358331698e+01 1.0209175164e+00
8.4270000000e+00 6.3989115023e+01 1.0285617829e+00
8.4420000000e+00 6.4620518893e+01 1.0356124669e+00
8.4580000000e+00 6.5252542091e+01 1.0429951374e+00
8.4730000000e+00 6.5885183405e+01 1.0500889764e+00
8.4880000000e+00 6.6518441630e+01 1.0572035587e+00
8.5030000000e+00 6.7152315566e+01 1.0643387009e+00
8.5180000000e+00 6.7786804019e+01 1.0714942173e+00
8.5320000000e+00 6.8421905802e+01 1.0783535302e+00
8.5460000000e+00 6.9057619732e+01 1.0852307123e+00
8.5600000000e+00 6.9693944631e+01 1.0921255900e+00
8.5740000000e+00 7.0330879331e+01 1.0990379882e+00
8.5870000000e+00 7.0968422664e+01 1.1056472430e+00
8.6010000000e+00 7.1606573471e+01 1.1125931309e+00
8.6140000000e+00 7.2245330598e+01 1.1192335306e+00
8.6260000000e+00 7.2884692895e+01 1.1255653587e+00
8.6390000000e+00 7.3524659220e+01 1.1322343031e+00
8.6510000000e+00 7.4165228435e+01 1.1385924740e+00
8.6640000000e+00 7.4806399406e+01 1.1452893231e+00
8.6760000000e+00 7.5448171006e+01 1.1516732153e+00
8.6870000000e+00 7.6090542113e+01 1.1577412859e+00
8.6990000000e+00 7.6733511610e+01 1.1641484837e+00
8.7110000000e+00 7.7377078385e+01 1.1705675563e+00
8.7220000000e+00 7.8021241333e+01 1.1766677304e+00
8.7330000000e+00 7.8665999350e+01 1.1827777572e+00
8.7440000000e+00 7.9311351342e+01 1.1888974979e+00
8.7540000000e+00 7.9957296215e+01 1.1946937391e+00
8.7650000000e+00 8.0603832886e+01 1.2008316678e+00
8.7750000000e+00 8.1250960270e+01 1.2066442253e+00
8.7860000000e+00 8.1898677294e+01 1.2127998001e+00
8.7960000000e+00 8.2546982883e+01 1.2186281520e+00
8.8050000000e+00 8.3195875973e+01 1.2241268593e+00
8.8150000000e+00 8.3845355501e+01 1.2299689711e+00
8.8250000000e+00 8.4495420410e+01 1.2358181551e+00
8.8340000000e+00 8.5146069647e+01 1.2413351100e+00
8.8430000000e+00 8.5797302166e+01 1.2468574432e+00
8.8520000000e+00 8.6449116922e+01 1.2523850427e+00
8.8610000000e+00 8.7101512878e+01 1.2579177963e+00
8.8700000000e+00 8.7754488999e+01 1.2634555914e+00
8.8790000000e+00 8.8408044258e+01 1.2689983151e+00
8.8870000000e+00 8.9062177628e+01 1.2742025896e+00
8.8960000000e+00 8.9716888091e+01 1.2797541618e+00
8.9040000000e+00 9.0372174631e+01 1.2849657655e+00
8.9120000000e+00 9.1028036236e+01 1.2901805673e+00
8.9200000000e+00 9.1684471899e+01 1.2953984688e+00
8.9280000000e+00 9.2341480620e+01 1.3006193717e+00
8.9350000000e+00 9.2999061398e+01 1.3054961865e+00
8.9430000000e+00 9.3657213242e+01 1.3107221933e+00
8.9510000000e+00 9.4315935162e+01 1.3159509105e+00
8.9580000000e+00 9.4975226172e+01 1.3208334885e+00
8.9650000000e+00 9.5635085293e+01 1.3257174372e+00
8.9720000000e+00 9.6295511546e+01 1.3306026726e+00
8.9790000000e+00 9.6956503961e+01 1.3354891107e+00
8.9860000000e+00 9.7618061568e+01 1.3403766675e+00
8.9930000000e+00 9.8280183404e+01 1.3452652587e+00
8.9990000000e+00 9.8942868509e+01 1.3498028304e+00
9.0060000000e+00 9.9606115927e+01 1.3546927135e+00
9.0120000000e+00 1.0026992471e+02 1.3592304007e+00
9.0180000000e+00 1.0093429390e+02 1.3637677922e+00
9.0250000000e+00 1.0159922256e+02 1.3686587638e+00
9.0310000000e+00 1.0226470975e+02 1.3731958291e+00
9.0370000000e+00 1.0293075453e+02 1.3777323849e+00
9.0430000000e+00 1.0359735598e+02 1.3822683617e+00
9.0480000000e+00 1.0426451316e+02 1.3864478748e+00
9.0540000000e+00 1.0493222514e+02 1.3909820291e+00
9.0600000000e+00 1.0560049102e+02 1.3955154004e+00
9.0650000000e+00 1.0626930987e+02 1.3996907810e+00
9.0700000000e+00 1.0693868077e+02 1.4038643857e+00
9.0760000000e+00 1.0760860283e+02 1.4083941180e+00
9.0810000000e+00 1.0827907513e+02 1.4125644077e+00
9.0860000000e+00 1.0895009677e+02 1.4167327504e+00
9.0910000000e+00 1.0962166686e+02 1.4208990906e+00
9.0960000000e+00 1.1029378450e+02 1.4250633731e+00
9.1010000000e+00 1.1096644880e+02 1.4292255426e+00
9.1050000000e+00 1.1163965887e+02 1.4330252267e+00
9.1100000000e+00 1.1231341383e+02 1.4371826274e+00
9.1150000000e+00 1.1298771280e+02 1.4413377545e+00
9.1190000000e+00 1.1366255490e+02 1.4451291429e+00
9.1240000000e+00 1.1433793926e+02 1.4492791941e+00
9.1280000000e+00 1.1501386502e+02 1.4530647030e+00
9.1320000000e+00 1.1569033130e+02 1.4568470383e+00
9.1360000000e+00 1.1636733724e+02 1.4606261583e+00
9.1400000000e+00 1.1704488198e+02 1.4644020215e+00
9.1440000000e+00 1.1772296467e+02 1.4681745864e+00
9.1480000000e+00 1.1840158446e+02 1.4719438117e+00
9.1520000000e+00 1.1908074049e+02 1.4757096562e+00
9.1560000000e+00 1.1976043193e+02 1.4794720790e+00
9.1600000000e+00 1.2044065792e+02 1.4832310393e+00
9.1630000000e+00 1.2112141763e+02 1.4866215854e+00
9.1670000000e+00 1.2180271023e+02 1.4903732041e+00
9.1700000000e+00 1.2248453489e+02 1.4937557713e+00
9.1740000000e+00 1.2316689076e+02 1.4974999026e+00
9.1770000000e+00 1.2384977703e+02 1.5008743606e+00
9.1800000000e+00 1.2453319288e+02 1.5042445879e+00
9.1840000000e+00 1.2521713748e+02 1.5079770796e+00
9.1870000000e+00 1.2590161002e+02 1.5113390083e+00
9.1900000000e+00 1.2658660969e+02 1.5146966177e+00
9.1930000000e+00 1.2727213567e+02 1.5180498798e+00
9.1960000000e+00 1.2795818717e+02 1.5213987667e+00
9.1990000000e+00 1.2864476336e+02 1.5247432508e+00
9.2020000000e+00 1.2933186347e+02 1.5280833043e+00
9.2040000000e+00 1.3001948668e+02 1.5310507142e+00
9.2070000000e+00 1.3070763220e+02 1.5343816014e+00
9.2100000000e+00 1.3139629924e+02 1.5377079798e+00
9.2120000000e+00 1.3208548701e+02 1.5406609990e+00
9.2150000000e+00 1.3277519473e+02 1.5439780665e+00
9.2170000000e+00 1.3346542161e+02 1.5469213235e+00
9.2200000000e+00 1.3415616687e+02 1.5502289872e+00
9.2220000000e+00 1.3484742974e+02 1.5531624032e+00
9.2240000000e+00 1.3553920945e+02 1.5560907802e+00
9.2270000000e+00 1.3623150521e+02 1.5593840693e+00
9.2290000000e+00 1.3692431627e+02 1.5623024926e+00
9.2310000000e+00 1.3761764185e+02 1.5652158258e+00
9.2330000000e+00 1.3831148121e+02 1.5681240532e+00
9.2350000000e+00 1.3900583356e+02 1.5710271594e+00
9.2370000000e+00 1.3970069817e+02 1.5739251290e+00
9.2390000000e+00 1.4039607426e+02 1.5768179468e+00
9.2410000000e+00 1.4109196111e+02 1.5797055975e+00
9.2430000000e+00 1.4178835794e+02 1.5825880663e+00
9.2450000000e+00 1.4248526403e+02 1.5854653384e+00
9.2460000000e+00 1.4318267862e+02 1.5879658438e+00
9.2480000000e+00 1.4388060097e+02 1.5908325365e+00
9.2500000000e+00 1.4457903035e+02 1.5936939919e+00
9.2510000000e+00 1.4527796603e+02 1.5961782414e+00
9.2530000000e+00 1.4597740726e+02 1.5990290464e+00
9.2540000000e+00 1.4667735332e+02 1.6015023745e+00
9.2560000000e+00 1.4737780349e+02 1.6043424852e+00
9.2570000000e+00 1.4807875703e+02 1.6068048596e+00
9.2590000000e+00 1.4878021323e+02 1.6096342329e+00
9.2600000000e+00 1.4948217137e+02 1.6120856225e+00
9.2610000000e+00 1.5018463072e+02 1.6145314585e+00
9.2630000000e+00 1.5088759059e+02 1.6173445909e+00
9.2640000000e+00 1.5159105024e+02 1.6197793997e+00
9.2650000000e+00 1.5229500898e+02 1.6222086382e+00
9.2660000000e+00 1.5299946610e+02 1.6246323019e+00
9.2670000000e+00 1.5370442090e+02 1.6270503866e+00
9.2680000000e+00 1.5440987266e+02 1.6294628879e+00
9.2690000000e+00 1.5511582070e+02 1.6318698017e+00
9.2700000000e+00 1.5582226431e+02 1.6342711240e+00
9.2710000000e+00 1.5652920281e+02 1.6366668508e+00
9.2720000000e+00 1.5723663550e+02 1.6390569784e+00
9.2730000000e+00 1.5794456169e+02 1.6414415031e+00
9.2740000000e+00 1.5865298069e+02 1.6438204212e+00
9.2750000000e+00 1.5936189182e+02 1.6461937294e+00
9.2750000000e+00 1.6007129439e+02 1.6481875421e+00
9.2760000000e+00 1.6078118774e+02 1.6505495587e+00
9.2770000000e+00 1.6149157117e+02 1.6529059580e+00
9.2770000000e+00 1.6220244401e+02 1.6548826911e+00
9.2780000000e+00 1.6291380560e+02 1.6572277923e+00
9.2780000000e+00 1.6362565525e+02 1.6591931307e+00
9.2790000000e+00 1.6433799231e+02 1.6615269321e+00
9.2800000000e+00 1.6505081610e+02 1.6638551067e+00
9.2800000000e+00 1.6576412597e+02 1.6658033838e+00
9.2800000000e+00 1.6647792124e+02 1.6677459561e+00
9.2810000000e+00 1.6719220127e+02 1.6700571553e+00
9.2810000000e+00 1.6790696539e+02 1.6719883577e+00
9.2820000000e+00 1.6862221295e+02 1.6742882561e+00
9.2820000000e+00 1.6933794329e+02 1.6762080982e+00
9.2820000000e+00 1.7005415577e+02 1.6781222538e+00
9.2820000000e+00 1.7077084974e+02 1.6800307278e+00
9.2830000000e+00 1.7148802455e+02 1.6823080018e+00
9.2830000000e+00 1.7220567956e+02 1.6842051407e+00
9.2830000000e+00 1.7292381412e+02 1.6860966104e+00
9.2830000000e+00 1.7364242760e+02 1.6879824158e+00
9.2830000000e+00 1.7436151936e+02 1.6898625620e+00
9.2830000000e+00 1.7508108876e+02 1.6917370541e+00
9.2830000000e+00 1.7580113517e+02 1.6936058973e+00
9.2840000000e+00 1.7652165796e+02 1.6958436403e+00
9.2840000000e+00 1.7724265651e+02 1.6977012014e+00
9.2830000000e+00 1.7796413017e+02 1.6991785856e+00
9.2830000000e+00 1.7868607833e+02 1.7010248858e+00
9.2830000000e+00 1.7940850037e+02 1.7028655639e+00
9.2830000000e+00 1.8013139566e+02 1.7047006253e+00
9.2830000000e+00 1.8085476358e+02 1.7065300757e+00
9.2830000000e+00 1.8157860353e+02 1.7083539207e+00
9.2830000000e+00 1.8230291488e+02 1.7101721661e+00
9.2830000000e+00 1.8302769701e+02 1.7119848177e+00
9.2820000000e+00 1.8375294933e+02 1.7134174288e+00
9.2820000000e+00 1.8447867122e+02 1.7152189287e+00
9.2820000000e+00 1.8520486208e+02 1.7170148544e+00
9.2820000000e+00 1.8593152129e+02 1.7188052118e+00
9.2810000000e+00 1.8665864826e+02 1.7202156464e+00
9.2810000000e+00 1.8738624239e+02 1.7219949110e+00
9.2800000000e+00 1.8811430307e+02 1.7233943268e+00
9.2800000000e+00 1.8884282971e+02 1.7251625305e+00
9.2800000000e+00 1.8957182171e+02 1.7269252005e+00
9.2790000000e+00 1.9030127849e+02 1.7283081408e+00
9.2790000000e+00 1.9103119944e+02 1.7300597965e+00
9.2780000000e+00 1.9176158398e+02 1.7314318131e+00
9.2780000000e+00 1.9249243153e+02 1.7331724872e+00
9.2770000000e+00 1.9322374149e+02 1.7345336192e+00
9.2770000000e+00 1.9395551328e+02 1.7362633447e+00
9.2760000000e+00 1.9468774632e+02 1.7376136317e+00
9.2760000000e+00 1.9542044003e+02 1.7393324418e+00
9.2750000000e+00 1.9615359383e+02 1.7406719234e+00
9.2740000000e+00 1.9688720715e+02 1.7420060434e+00
9.2740000000e+00 1.9762127940e+02 1.7437085680e+00
9.2730000000e+00 1.9835581002e+02 1.7450319440e+00
9.2720000000e+00 1.9909079843e+02 1.7463499914e+00
9.2720000000e+00 1.9982624407e+02 1.7480363120e+00
9.2710000000e+00 2.0056214636e+02 1.7493436774e+00
9.2700000000e+00 2.0129850475e+02 1.7506457473e+00
9.2690000000e+00 2.0203531866e+02 1.7519425332e+00
9.2690000000e+00 2.0277258754e+02 1.7536073965e+00
9.2680000000e+00 2.0351031082e+02 1.7548935847e+00
9.2670000000e+00 2.0424848794e+02 1.7561745223e+00
9.2660000000e+00 2.0498711835e+02 1.7574502211e+00
9.2650000000e+00 2.0572620149e+02 1.7587206926e+00
9.2650000000e+00 2.0646573681e+02 1.7603589656e+00
9.2640000000e+00 2.0720572375e+02 1.7616189463e+00
9.2630000000e+00 2.0794616177e+02 1.7628737334e+00
9.2620000000e+00 2.0868705031e+02 1.7641233387e+00
9.2610000000e+00 2.0942838883e+02 1.7653677737e+00
9.2600000000e+00 2.1017017679e+02 1.7666070503e+00
9.2590000000e+00 2.1091241363e+02 1.7678411801e+00
9.2580000000e+00 2.1165509882e+02 1.7690701749e+00
9.2570000000e+00 2.1239823181e+02 1.7702940464e+00
9.2560000000e+00 2.1314181207e+02 1.7715128065e+00
9.2550000000e+00 2.1388583906e+02 1.7727264667e+00
9.2540000000e+00 2.1463031224e+02 1.7739350391e+00
9.2530000000e+00 2.1537523108e+02 1.7751385352e+00
9.2520000000e+00 2.1612059505e+02 1.7763369670e+00
9.2510000000e+00 2.1686640362e+02 1.7775303463e+00
9.2500000000e+00 2.1761265624e+02 1.7787186848e+00
9.2490000000e+00 2.1835935241e+02 1.7799019944e+00
9.2470000000e+00 2.1910649159e+02 1.7807086444e+00
9.2460000000e+00 2.1985407326e+02 1.7818820231e+00
9.2450000000e+00 2.2060209689e+02 1.7830504095e+00
9.2440000000e+00 2.2135056196e+02 1.7842138155e+00
9.2430000000e+00 2.2209946796e+02 1.7853722530e+00
9.2420000000e+00 2.2284881435e+02 1.7865257338e+00
9.2400000000e+00 2.2359860064e+02 1.7873031927e+00
9.2390000000e+00 2.2434882630e+02 1.7884468936e+00
9.2380000000e+00 2.2509949081e+02 1.7895856746e+00
9.2370000000e+00 2.2585059367e+02 1.7907195475e+00
9.2350000000e+00 2.2660213436e+02 1.7914778448e+00
9.2340000000e+00 2.2735411237e+02 1.7926020393e+00
9.2330000000e+00 2.2810652720e+02 1.7937213624e+00
9.2320000000e+00 2.2885937834e+02 1.7948358260e+00
9.2300000000e+00 2.2961266528e+02 1.7955751763e+00
9.2290000000e+00 2.3036638753e+02 1.7966800627e+00
9.2280000000e+00 2.3112054457e+02 1.7977801264e+00
9.2260000000e+00 2.3187513591e+02 1.7985054336e+00
9.2250000000e+00 2.3263016105e+02 1.7995959965e+00
9.2240000000e+00 2.3338561948e+02 1.8006817734e+00
9.2220000000e+00 2.3414151072e+02 1.8013931587e+00
9.2210000000e+00 2.3489783427e+02 1.8024695111e+00
9.2190000000e+00 2.3565458964e+02 1.8031717195e+00
9.2180000000e+00 2.3641177633e+02 1.8042386988e+00
9.2170000000e+00 2.3716939384e+02 1.8053009535e+00
9.2150000000e+00 2.3792744171e+02 1.8059894425e+00
9.2140000000e+00 2.3868591942e+02 1.8070424002e+00
9.2120000000e+00 2.3944482650e+02 1.8077218482e+00
9.2110000000e+00 2.4020416247e+02 1.8087655600e+00
9.2090000000e+00 2.4096392683e+02 1.8094360214e+00
9.2080000000e+00 2.4172411911e+02 1.8104705386e+00
9.2060000000e+00 2.4248473883e+02 1.8111320677e+00
9.2050000000e+00 2.4324578550e+02 1.8121574412e+00
9.2030000000e+00 2.4400725864e+02 1.8128100923e+00
9.2020000000e+00 2.4476915779e+02 1.8138263732e+00
9.2000000000e+00 2.4553148246e+02 1.8144702002e+00
9.1990000000e+00 2.4629423218e+02 1.8154774394e+00
9.1970000000e+00 2.4705740647e+02 1.8161124962e+00
9.1960000000e+00 2.4782100486e+02 1.8171107444e+00
9.1940000000e+00 2.4858502689e+02 1.8177370849e+00
9.1930000000e+00 2.4934947209e+02 1.8187263928e+00
9.1910000000e+00 2.5011433998e+02 1.8193440705e+00
9.1890000000e+00 2.5087963009e+02 1.8199574995e+00
9.1880000000e+00 2.5164534198e+02 1.8209335572e+00
9.1860000000e+00 2.5241147516e+02 1.8215384042e+00
9.1850000000e+00 2.5317802918e+02 1.8225056486e+00
9.1830000000e+00 2.5394500357e+02 1.8231019669e+00
9.1810000000e+00 2.5471239788e+02 1.8236941050e+00
9.1800000000e+00 2.5548021164e+02 1.8246482909e+00
9.1780000000e+00 2.5624844441e+02 1.8252319804e+00
9.1760000000e+00 2.5701709571e+02 1.8258115306e+00
9.1750000000e+00 2.5778616510e+02 1.8267527731e+00
9.1730000000e+00 2.5855565212e+02 1.8273239545e+00
9.1710000000e+00 2.5932555633e+02 1.8278910372e+00
9.1700000000e+00 2.6009587726e+02 1.8288194508e+00
9.1680000000e+00 2.6086661446e+02 1.8293782440e+00
9.1660000000e+00 2.6163776750e+02 1.8299329791e+00
9.1650000000e+00 2.6240933591e+02 1.8308486779e+00
9.1630000000e+00 2.6318131926e+02 1.8313952024e+00
9.1610000000e+00 2.6395371710e+02 1.8319377090e+00
9.1590000000e+00 2.6472652898e+02 1.8324762111e+00
9.1580000000e+00 2.6549975446e+02 1.8333751810e+00
9.1560000000e+00 2.6627339310e+02 1.8339055776e+00
9.1540000000e+00 2.6704744445e+02 1.8344320096e+00
9.1520000000e+00 2.6782190809e+02 1.8349544905e+00
9.1510000000e+00 2.6859678356e+02 1.8358369339e+00
9.1490000000e+00 2.6937207044e+02 1.8363514135e+00
9.1470000000e+00 2.7014776828e+02 1.8368619815e+00
9.1450000000e+00 2.7092387665e+02 1.8373686512e+00
9.1440000000e+00 2.7170039512e+02 1.8382347691e+00
9.1420000000e+00 2.7247732325e+02 1.8387335408e+00
9.1400000000e+00 2.7325466062e+02 1.8392284536e+00
9.1380000000e+00 2.7403240679e+02 1.8397195205e+00
9.1360000000e+00 2.7481056133e+02 1.8402067548e+00
9.1340000000e+00 2.7558912382e+02 1.8406901694e+00
9.1330000000e+00 2.7636809382e+02 1.8415322487e+00
9.1310000000e+00 2.7714747092e+02 1.8420079194e+00
9.1290000000e+00 2.7792725468e+02 1.8424798094e+00
9.1270000000e+00 2.7870744469e+02 1.8429479315e+00
9.1250000000e+00 2.7948804051e+02 1.8434122987e+00
9.1230000000e+00 2.8026904174e+02 1.8438729240e+00
9.1220000000e+00 2.8105044795e+02 1.8446914124e+00
9.1200000000e+00 2.8183225871e+02 1.8451444459e+00
9.1180000000e+00 2.8261447361e+02 1.8455937758e+00
9.1160000000e+00 2.8339709224e+02 1.8460394147e+00
9.1140000000e+00 2.8418011418e+02 1.8464813756e+00
9.1120000000e+00 2.8496353901e+02 1.8469196711e+00
9.1100000000e+00 2.8574736632e+02 1.8473543140e+00
9.1080000000e+00 2.8653159570e+02 1.8477853170e+00
9.1070000000e+00 2.8731622672e+02 1.8485730913e+00
9.1050000000e+00 2.8810125900e+02 1.8489967026e+00
9.1030000000e+00 2.8888669210e+02 1.8494167115e+00
9.1010000000e+00 2.8967252563e+02 1.8498331305e+00
9.0990000000e+00 2.9045875918e+02 1.8502459723e+00
9.0970000000e+00 2.9124539234e+02 1.8506552492e+00
9.0950000000e+00 2.9203242470e+02 1.8510609739e+00
9.0930000000e+00 2.9281985587e+02 1.8514631587e+00
9.0910000000e+00 2.9360768543e+02 1.8518618161e+00
9.0890000000e+00 2.9439591298e+02 1.8522569584e+00
9.0870000000e+00 2.9518453813e+02 1.8526485979e+00
9.0850000000e+00 2.9597356047e+02 1.8530367471e+00
9.0830000000e+00 2.9676297960e+02 1.8534214182e+00
9.0810000000e+00 2.9755279513e+02 1.8538026234e+00
9.0790000000e+00 2.9834300666e+02 1.8541803750e+00
9.0770000000e+00 2.9913361378e+02 1.8545546852e+00
9.0750000000e+00 2.9992461611e+02 1.8549255661e+00
9.0740000000e+00 3.0071601325e+02 1.8556508229e+00
9.0720000000e+00 3.0150780481e+02 1.8560147260e+00
9.0700000000e+00 3.0229999039e+02 1.8563752357e+00
9.0680000000e+00 3.0309256960e+02 1.8567323642e+00
9.0660000000e+00 3.0388554206e+02 1.8570861234e+00
9.0640000000e+00 3.0467890736e+02 1.8574365254e+00
9.0620000000e+00 3.0547266514e+02 1.8577835820e+00
9.0600000000e+00 3.0626681498e+02 1.8581273052e+00
9.0580000000e+00 3.0706135652e+02 1.8584677068e+00
9.0560000000e+00 3.0785628936e+02 1.8588047987e+00
9.0540000000e+00 3.0865161312e+02 1.8591385927e+00
9.0520000000e+00 3.0944732742e+02 1.8594691006e+00
9.0500000000e+00 3.1024343186e+02 1.8597963340e+00
9.0480000000e+00 3.1103992608e+02 1.8601203049e+00
9.0460000000e+00 3.1183680968e+02 1.8604410247e+00
9.0430000000e+00 3.1263408230e+02 1.8604030764e+00
9.0410000000e+00 3.1343174354e+02 1.8607174889e+00
9.0390000000e+00 3.1422979303e+02 1.8610286856e+00
9.0370000000e+00 3.1502823040e+02 1.8613366780e+00
9.0350000000e+00 3.1582705526e+02 1.8616414775e+00
9.0330000000e+00 3.1662626725e+02 1.8619430957e+00
9.0310000000e+00 3.1742586598e+02 1.8622415441e+00
9.0290000000e+00 3.1822585108e+02 1.8625368341e+00
9.0270000000e+00 3.1902622219e+02 1.8628289769e+00
9.0250000000e+00 3.1982697892e+02 1.8631179841e+00
9.0230000000e+00 3.2062812091e+02 1.8634038670e+00
9.0210000000e+00 3.2142964779e+02 1.8636866368e+00
9.0190000000e+00 3.2223155918e+02 1.8639663047e+00
9.0170000000e+00 3.2303385473e+02 1.8642428821e+00
9.0150000000e+00 3.2383653405e+02 1.8645163802e+00
9.0130000000e+00 3.2463959679e+02 1.8647868100e+00
9.0110000000e+00 3.2544304258e+02 1.8650541828e+00
9.0090000000e+00 3.2624687106e+02 1.8653185096e+00
9.0070000000e+00 3.2705108185e+02 1.8655798015e+00
9.0040000000e+00 3.2785567460e+02 1.8654857003e+00
9.0020000000e+00 3.2866064895e+02 1.8657411192e+00
9.0000000000e+00 3.2946600453e+02 1.8659935365e+00
8.9980000000e+00 3.3027174099e+02 1.8662429631e+00
8.9960000000e+00 3.3107785795e+02 1.8664894098e+00
8.9940000000e+00 3.3188435507e+02 1.8667328875e+00
8.9920000000e+00 3.3269123199e+02 1.8669734072e+00
8.9900000000e+00 3.3349848835e+02 1.8672109795e+00
8.9880000000e+00 3.3430612379e+02 1.8674456154e+00
8.9860000000e+00 3.3511413795e+02 1.8676773255e+00
8.9840000000e+00 3.3592253049e+02 1.8679061205e+00
8.9820000000e+00 3.3673130105e+02 1.8681320112e+00
8.9790000000e+00 3.3754044927e+02 1.8680046000e+00
8.9770000000e+00 3.3834997481e+02 1.8682248796e+00
8.9750000000e+00 3.3915987731e+02 1.8684422869e+00
8.9730000000e+00 3.3997015642e+02 1.8686568323e+00
8.9710000000e+00 3.4078081179e+02 1.8688685266e+00
8.9690000000e+00 3.4159184307e+02 1.8690773800e+00
8.9670000000e+00 3.4240324992e+02 1.8692834032e+00
8.9650000000e+00 3.4321503199e+02 1.8694866065e+00
8.9630000000e+00 3.4402718892e+02 1.8696870004e+00
8.9600000000e+00 3.4483972038e+02 1.8695356671e+00
8.9580000000e+00 3.4565262602e+02 1.8697306400e+00
8.9560000000e+00 3.4646590550e+02 1.8699228345e+00
8.9540000000e+00 3.4727955847e+02 1.8701122610e+00
8.9520000000e+00 3.4809358459e+02 1.8702989297e+00
8.9500000000e+00 3.4890798351e+02 1.8704828508e+00
8.9480000000e+00 3.4972275491e+02 1.8706640345e+00
8.9460000000e+00 3.5053789843e+02 1.8708424909e+00
8.9430000000e+00 3.5135341374e+02 1.8706706233e+00
8.9410000000e+00 3.5216930049e+02 1.8708438232e+00
8.9390000000e+00 3.5298555836e+02 1.8710143261e+00
8.9370000000e+00 3.5380218700e+02 1.8711821422e+00
8.9350000000e+00 3.5461918608e+02 1.8713472814e+00
8.9330000000e+00 3.5543655526e+02 1.8715097537e+00
8.9310000000e+00 3.5625429421e+02 1.8716695690e+00
8.9290000000e+00 3.5707240258e+02 1.8718267372e+00
8.9260000000e+00 3.5789088006e+02 1.8716349879e+00
8.9240000000e+00 3.5870972631e+02 1.8717870598e+00
8.9220000000e+00 3.5952894099e+02 1.8719365142e+00
8.9200000000e+00 3.6034852377e+02 1.8720833608e+00
8.9180000000e+00 3.6116847433e+02 1.8722276094e+00
8.9160000000e+00 3.6198879233e+02 1.8723692698e+00
8.9140000000e+00 3.6280947744e+02 1.8725083516e+00
8.9110000000e+00 3.6363052935e+02 1.8722997464e+00
8.9090000000e+00 3.6445194771e+02 1.8724338687e+00
8.9070000000e+00 3.6527373220e+02 1.8725654413e+00
8.9050000000e+00 3.6609588250e+02 1.8726944738e+00
8.9030000000e+00 3.6691839829e+02 1.8728209758e+00
8.9010000000e+00 3.6774127922e+02 1.8729449567e+00
8.8980000000e+00 3.6856452500e+02 1.8727223034e+00
8.8960000000e+00 3.6938813528e+02 1.8728414395e+00
8.8940000000e+00 3.7021210975e+02 1.8729580830e+00
8.8920000000e+00 3.7103644809e+02 1.8730722431e+00
8.8900000000e+00 3.7186114997e+02 1.8731839292e+00
8.8880000000e+00 3.7268621507e+02 1.8732931506e+00
8.8860000000e+00 3.7351164308e+02 1.8733999167e+00
8.8830000000e+00 3.7433743368e+02 1.8731612799e+00
8.8810000000e+00 3.7516358655e+02 1.8732633322e+00
8.8790000000e+00 3.7599010137e+02 1.8733629569e+00
8.8770000000e+00 3.7681697782e+02 1.8734601630e+00
8.8750000000e+00 3.7764421559e+02 1.8735549598e+00
8.8730000000e+00 3.7847181436e+02 1.8736473564e+00
8.8700000000e+00 3.7929977382e+02 1.8733954025e+00
8.8680000000e+00 3.8012809366e+02 1.8734831951e+00
8.8660000000e+00 3.8095677355e+02 1.8735686146e+00
8.8640000000e+00 3.8178581320e+02 1.8736516701e+00
8.8620000000e+00 3.8261521228e+02 1.8737323703e+00
8.8600000000e+00 3.8344497048e+02 1.8738107244e+00
8.8580000000e+00 3.8427508750e+02 1.8738867412e+00
8.8550000000e+00 3.8510556303e+02 1.8736196373e+00
8.8530000000e+00 3.8593639674e+02 1.8736911755e+00
8.8510000000e+00 3.8676758835e+02 1.8737604029e+00
8.8490000000e+00 3.8759913754e+02 1.8738273283e+00
8.8470000000e+00 3.8843104399e+02 1.8738919605e+00
8.8450000000e+00 3.8926330741e+02 1.8739543082e+00
8.8420000000e+00 3.9009592749e+02 1.8736745851e+00
8.8400000000e+00 3.9092890393e+02 1.8737325592e+00
8.8380000000e+00 3.9176223641e+02 1.8737882748e+00
8.8360000000e+00 3.9259592464e+02 1.8738417405e+00
8.8340000000e+00 3.9342996831e+02 1.8738929649e+00
8.8320000000e+00 3.9426436712e+02 1.8739419565e+00
8.8290000000e+00 3.9509912076e+02 1.8736499256e+00
8.8270000000e+00 3.9593422894e+02 1.8736946465e+00
8.8250000000e+00 3.9676969136e+02 1.8737371601e+00
8.8230000000e+00 3.9760550771e+02 1.8737774749e+00
8.8210000000e+00 3.9844167769e+02 1.8738155992e+00
8.8190000000e+00 3.9927820101e+02 1.8738515414e+00
8.8160000000e+00 4.0011507737e+02 1.8735475073e+00
8.8140000000e+00 4.0095230647e+02 1.8735792796e+00
8.8120000000e+00 4.0178988802e+02 1.8736088947e+00
8.8100000000e+00 4.0262782171e+02 1.8736363610e+00
8.8080000000e+00 4.0346610725e+02 1.8736616866e+00
8.8060000000e+00 4.0430474435e+02 1.8736848799e+00
8.8030000000e+00 4.0514373271e+02 1.8733691406e+00
8.8010000000e+00 4.0598307203e+02 1.8733882626e+00
8.7990000000e+00 4.0682276203e+02 1.8734052766e+00
8.7970000000e+00 4.0766280242e+02 1.8734201907e+00
8.7950000000e+00 4.0850319289e+02 1.8734330130e+00
8.7930000000e+00 4.0934393316e+02 1.8734437515e+00
8.7900000000e+00 4.1018502294e+02 1.8731165986e+00
8.7880000000e+00 4.1102646194e+02 1.8731233624e+00
8.7860000000e+00 4.1186824986e+02 1.8731280664e+00
8.7840000000e+00 4.1271038643e+02 1.8731307185e+00
8.7820000000e+00 4.1355287134e+02 1.8731313266e+00
8.7800000000e+00 4.1439570432e+02 1.8731298987e+00
8.7770000000e+00 4.1523888507e+02 1.8727916172e+00
8.7750000000e+00 4.1608241331e+02 1.8727863090e+00
8.7730000000e+00 4.1692628875e+02 1.8727789882e+00
8.7710000000e+00 4.1777051111e+02 1.8727696624e+00
8.7690000000e+00 4.1861508010e+02 1.8727583395e+00
8.7670000000e+00 4.1945999544e+02 1.8727450273e+00
8.7640000000e+00 4.2030525684e+02 1.8723958962e+00
8.7620000000e+00 4.2115086402e+02 1.8723787961e+00
8.7600000000e+00 4.2199681671e+02 1.8723597296e+00
8.7580000000e+00 4.2284311461e+02 1.8723387042e+00
8.7560000000e+00 4.2368975744e+02 1.8723157276e+00
8.7540000000e+00 4.2453674493e+02 1.8722908073e+00
8.7520000000e+00 4.2538407679e+02 1.8722639508e+00
8.7490000000e+00 4.2623175275e+02 1.8719024816e+00
8.7470000000e+00 4.2707977252e+02 1.8718719428e+00
8.7450000000e+00 4.2792813582e+02 1.8718394902e+00
8.7430000000e+00 4.2877684239e+02 1.8718051312e+00
8.7410000000e+00 4.2962589194e+02 1.8717688733e+00
8.7390000000e+00 4.3047528419e+02 1.8717307238e+00
8.7360000000e+00 4.3132501887e+02 1.8713589883e+00
8.7340000000e+00 4.3217509570e+02 1.8713172448e+00
8.7320000000e+00 4.3302551441e+02 1.8712736316e+00
8.7300000000e+00 4.3387627472e+02 1.8712281560e+00
8.7280000000e+00 4.3472737636e+02 1.8711808253e+00
8.7260000000e+00 4.3557881905e+02 1.8711316466e+00
8.7240000000e+00 4.3643060253e+02 1.8710806273e+00
8.7210000000e+00 4.3728272651e+02 1.8706972181e+00
8.7190000000e+00 4.3813519073e+02 1.8706427053e+00
8.7170000000e+00 4.3898799492e+02 1.8705863731e+00
8.7150000000e+00 4.3984113880e+02 1.8705282287e+00
8.7130000000e+00 4.4069462211e+02 1.8704682791e+00
8.7110000000e+00 4.4154844457e+02 1.8704065314e+00
8.7080000000e+00 4.4240260592e+02 1.8700134113e+00
8.7060000000e+00 4.4325710589e+02 1.8699482543e+00
8.7040000000e+00 4.4411194420e+02 1.8698813201e+00
8.7020000000e+00 4.4496712060e+02 1.8698126156e+00
8.7000000000e+00 4.4582263481e+02 1.8697421478e+00
8.6980000000e+00 4.4667848656e+02 1.8696699236e+00
8.6960000000e+00 4.4753467560e+02 1.8695959498e+00
8.6930000000e+00 4.4839120166e+02 1.8691917885e+00
8.6910000000e+00 4.4924806446e+02 1.8691145013e+00
8.6890000000e+00 4.5010526375e+02 1.8690354849e+00
8.6870000000e+00 4.5096279927e+02 1.8689547462e+00
8.6850000000e+00 4.5182067074e+02 1.8688722918e+00
8.6830000000e+00 4.5267887791e+02 1.8687881284e+00
8.6810000000e+00 4.5353742051e+02 1.8687022629e+00
8.6780000000e+00 4.5439629829e+02 1.8682873884e+00
8.6760000000e+00 4.5525551098e+02 1.8681983030e+00
8.6740000000e+00 4.5611505831e+02 1.8681075352e+00
8.6720000000e+00 4.5697494004e+02 1.8680150918e+00
8.6700000000e+00 4.5783515589e+02 1.8679209792e+00
8.6680000000e+00 4.5869570562e+02 1.8678252040e+00
8.6660000000e+00 4.5955658895e+02 1.8677277728e+00
8.6630000000e+00 4.6041780564e+02 1.8673025043e+00
8.6610000000e+00 4.6127935542e+02 1.8672019443e+00
8.6590000000e+00 4.6214123804e+02 1.8670997476e+00
8.6570000000e+00 4.6300345324e+02 1.8669959207e+00
8.6550000000e+00 4.6386600077e+02 1.8668904701e+00
8.6530000000e+00 4.6472888036e+02 1.8667834020e+00
8.6510000000e+00 4.6559209177e+02 1.8666747230e+00
8.6490000000e+00 4.6645563473e+02 1.8665644393e+00
8.6460000000e+00 4.6731950900e+02 1.8661276521e+00
8.6440000000e+00 4.6818371432e+02 1.8660143409e+00
8.6420000000e+00 4.6904825044e+02 1.8658994438e+00
8.6400000000e+00 4.6991311709e+02 1.8657829672e+00
8.6380000000e+00 4.7077831404e+02 1.8656649172e+00
8.6360000000e+00 4.7164384103e+02 1.8655453001e+00
8.6340000000e+00 4.7250969781e+02 1.8654241222e+00
8.6320000000e+00 4.7337588412e+02 1.8653013894e+00
8.6290000000e+00 4.7424239972e+02 1.8648534775e+00
8.6270000000e+00 4.7510924435e+02 1.8647278155e+00
8.6250000000e+00 4.7597641777e+02 1.8646006170e+00
8.6230000000e+00 4.7684391973e+02 1.8644718882e+00
8.6210000000e+00 4.7771174997e+02 1.8643416350e+00
8.6190000000e+00 4.7857990826e+02 1.8642098635e+00
8.6170000000e+00 4.7944839433e+02 1.8640765798e+00
8.6150000000e+00 4.8031720796e+02 1.8639417899e+00
8.6130000000e+00 4.8118634888e+02 1.8638054996e+00
8.6100000000e+00 4.8205581685e+02 1.8633455111e+00
8.6080000000e+00 4.8292561163e+02 1.8632063987e+00
8.6060000000e+00 4.8379573297e+02 1.8630658037e+00
8.6040000000e+00 4.8466618063e+02 1.8629237320e+00
8.6020000000e+00 4.8553695436e+02 1.8627801894e+00
8.6000000000e+00 4.8640805392e+02 1.8626351818e+00
8.5980000000e+00 4.8727947906e+02 1.8624887150e+00
8.5960000000e+00 4.8815122954e+02 1.8623407948e+00
8.5940000000e+00 4.8902330511e+02 1.8621914270e+00
8.5910000000e+00 4.8989570555e+02 1.8617198291e+00
8.5890000000e+00 4.9076843060e+02 1.8615677427e+00
8.5870000000e+00 4.9164148002e+02 1.8614142258e+00
8.5850000000e+00 4.9251485357e+02 1.8612592841e+00
8.5830000000e+00 4.9338855102e+02 1.8611029233e+00
8.5810000000e+00 4.9426257211e+02 1.8609451490e+00
8.5790000000e+00 4.9513691662e+02 1.8607859668e+00
8.5770000000e+00 4.9601158431e+02 1.8606253824e+00
8.5750000000e+00 4.9688657492e+02 1.8604634014e+00
8.5730000000e+00 4.9776188823e+02 1.8603000294e+00
8.5710000000e+00 4.9863752401e+02 1.8601352718e+00
8.5680000000e+00 4.9951348200e+02 1.8596500659e+00
8.5660000000e+00 5.0038976197e+02 1.8594827116e+00
8.5640000000e+00 5.0126636370e+02 1.8593139883e+00
8.5620000000e+00 5.0214328693e+02 1.8591439014e+00
8.5600000000e+00 5.0302053145e+02 1.8589724562e+00
8.5580000000e+00 5.0389809700e+02 1.8587996584e+00
8.5560000000e+00 5.0477598336e+02 1.8586255132e+00
8.5540000000e+00 5.0565419029e+02 1.8584500260e+00
8.5520000000e+00 5.0653271756e+02 1.8582732023e+00
8.5500000000e+00 5.0741156493e+02 1.8580950474e+00
8.5480000000e+00 5.0829073218e+02 1.8579155666e+00
8.5460000000e+00 5.0917021907e+02 1.8577347653e+00
8.5430000000e+00 5.1005002536e+02 1.8572354383e+00
8.5410000000e+00 5.1093015083e+02 1.8570521677e+00
8.5390000000e+00 5.1181059524e+02 1.8568675922e+00
8.5370000000e+00 5.1269135836e+02 1.8566817170e+00
8.5350000000e+00 5.1357243997e+02 1.8564945474e+00
8.5330000000e+00 5.1445383983e+02 1.8563060886e+00
8.5310000000e+00 5.1533555771e+02 1.8561163457e+00
8.5290000000e+00 5.1621759338e+02 1.8559253239e+00
8.5270000000e+00 5.1709994662e+02 1.8557330283e+00
8.5250000000e+00 5.1798261720e+02 1.8555394641e+00
8.5230000000e+00 5.1886560488e+02 1.8553446364e+00
8.5210000000e+00 5.1974890945e+02 1.8551485502e+00
8.5190000000e+00 5.2063253067e+02 1.8549512107e+00
8.5170000000e+00 5.2151646831e+02 1.8547526228e+00
8.5150000000e+00 5.2240072216e+02 1.8545527915e+00
8.5120000000e+00 5.2328529198e+02 1.8540368094e+00
8.5100000000e+00 5.2417017754e+02 1.8538346602e+00
8.5080000000e+00 5.2505537864e+02 1.8536312825e+00
8.5060000000e+00 5.2594089503e+02 1.8534266813e+00
8.5040000000e+00 5.2682672649e+02 1.8532208614e+00
8.5020000000e+00 5.2771287281e+02 1.8530138278e+00
8.5000000000e+00 5.2859933375e+02 1.8528055855e+00
8.4980000000e+00 5.2948610909e+02 1.8525961392e+00
8.4960000000e+00 5.3037319862e+02 1.8523854938e+00
8.4940000000e+00 5.3126060211e+02 1.8521736542e+00
8.4920000000e+00 5.3214831933e+02 1.8519606253e+00
8.4900000000e+00 5.3303635006e+02 1.8517464117e+00
8.4880000000e+00 5.3392469409e+02 1.8515310183e+00
8.4860000000e+00 5.3481335120e+02 1.8513144499e+00
8.4840000000e+00 5.3570232115e+02 1.8510967113e+00
8.4820000000e+00 5.3659160374e+02 1.8508778071e+00
8.4800000000e+00 5.3748119874e+02 1.8506577421e+00
8.4780000000e+00 5.3837110593e+02 1.8504365209e+00
8.4760000000e+00 5.3926132510e+02 1.8502141484e+00
8.4740000000e+00 5.4015185603e+02 1.8499906290e+00
8.4720000000e+00 5.4104269849e+02 1.8497659676e+00
8.4700000000e+00 5.4193385227e+02 1.8495401686e+00
8.4670000000e+00 5.4282531716e+02 1.8490016410e+00
8.4650000000e+00 5.4371709293e+02 1.8487737309e+00
8.4630000000e+00 5.4460917937e+02 1.8485446970e+00
8.4610000000e+00 5.4550157626e+02 1.8483145438e+00
8.4590000000e+00 5.4639428339e+02 1.8480832758e+00
8.4570000000e+00 5.4728730054e+02 1.8478508976e+00
8.4550000000e+00 5.4818062750e+02 1.8476174137e+00
8.4530000000e+00 5.4907426405e+02 1.8473828285e+00
8.4510000000e+00 5.4996820998e+02 1.8471471466e+00
8.4490000000e+00 5.5086246507e+02 1.8469103724e+00
8.4470000000e+00 5.5175702911e+02 1.8466725103e+00
8.4450000000e+00 5.5265190189e+02 1.8464335648e+00
8.4430000000e+00 5.5354708319e+02 1.8461935403e+00
8.4410000000e+00 5.5444257280e+02 1.8459524412e+00
8.4390000000e+00 5.5533837051e+02 1.8457102718e+00
8.4370000000e+00 5.5623447611e+02 1.8454670366e+00
8.4350000000e+00 5.5713088938e+02 1.8452227398e+00
8.4330000000e+00 5.5802761012e+02 1.8449773858e+00
8.4310000000e+00 5.5892463811e+02 1.8447309789e+00
8.4290000000e+00 5.5982197315e+02 1.8444835234e+00
8.4270000000e+00 5.6071961502e+02 1.8442350236e+00
8.4250000000e+00 5.6161756351e+02 1.8439854837e+00
8.4230000000e+00 5.6251581842e+02 1.8437349080e+00
8.4210000000e+00 5.6341437954e+02 1.8434833007e+00
8.4190000000e+00 5.6431324665e+02 1.8432306661e+00
8.4170000000e+00 5.6521241955e+02 1.8429770082e+00
8.4150000000e+00 5.6611189803e+02 1.8427223314e+00
8.4130000000e+00 5.6701168189e+02 1.8424666398e+00
8.4110000000e+00 5.6791177091e+02 1.8422099375e+00
8.4090000000e+00 5.6881216490e+02 1.8419522287e+00
8.4070000000e+00 5.6971286363e+02 1.8416935174e+00
8.4050000000e+00 5.7061386692e+02 1.8414338079e+00
8.4030000000e+00 5.7151517454e+02 1.8411731042e+00
8.4010000000e+00 5.7241678630e+02 1.8409114103e+00
8.3990000000e+00 5.7331870200e+02 1.8406487303e+00
8.3970000000e+00 5.7422092142e+02 1.8403850683e+00
8.3950000000e+00 5.7512344436e+02 1.8401204283e+00
8.3930000000e+00 5.7602627062e+02 1.8398548142e+00
8.3910000000e+00 5.7692939999e+02 1.8395882302e+00
8.3890000000e+00 5.7783283228e+02 1.8393206802e+00
8.3870000000e+00 5.7873656727e+02 1.8390521681e+00
8.3850000000e+00 5.7964060477e+02 1.8387826979e+00
8.3830000000e+00 5.8054494457e+02 1.8385122736e+00
8.3810000000e+00 5.8144958648e+02 1.8382408990e+00
