5.7040000000e+00 5.4837356279e+00 1.6490424316e-01
5.8880000000e+00 5.9041930681e+00 1.8176216558e-01
6.0640000000e+00 6.3253483652e+00 1.9896501988e-01
6.2310000000e+00 6.7471992141e+00 2.1630962974e-01
6.3910000000e+00 7.1697433287e+00 2.3388804442e-01
6.5440000000e+00 7.5929784416e+00 2.5161130940e-01
6.6910000000e+00 8.0169023037e+00 2.6950590288e-01
6.8320000000e+00 8.4415126843e+00 2.8749700343e-01
6.9670000000e+00 8.8668073706e+00 3.0550956670e-01
7.0980000000e+00 9.2927841674e+00 3.2372983437e-01
7.2240000000e+00 9.7194408974e+00 3.4197606806e-01
7.3450000000e+00 1.0146775400e+01 3.6018762335e-01
7.4620000000e+00 1.0574785533e+01 3.7844853654e-01
7.5750000000e+00 1.1003469168e+01 3.9671225545e-01
7.6850000000e+00 1.1432824198e+01 4.1508545392e-01
7.7910000000e+00 1.1862848527e+01 4.3337746761e-01
7.8930000000e+00 1.2293540081e+01 4.5154236608e-01
7.9930000000e+00 1.2724896797e+01 4.6986588530e-01
8.0890000000e+00 1.3156916630e+01 4.8798809277e-01
8.1820000000e+00 1.3589597551e+01 5.0603789923e-01
8.2730000000e+00 1.4022937547e+01 5.2416038387e-01
8.3610000000e+00 1.4456934617e+01 5.4215376735e-01
8.4470000000e+00 1.4891586780e+01 5.6017116333e-01
8.5300000000e+00 1.5326892065e+01 5.7800357930e-01
8.6110000000e+00 1.5762848519e+01 5.9581207627e-01
8.6900000000e+00 1.6199454203e+01 6.1357661353e-01
8.7660000000e+00 1.6636707191e+01 6.3107809994e-01
8.8410000000e+00 1.7074605572e+01 6.4869175563e-01
8.9130000000e+00 1.7513147451e+01 6.6599640269e-01
8.9840000000e+00 1.7952330942e+01 6.8338127113e-01
9.0530000000e+00 1.8392154179e+01 7.0062470336e-01
9.1200000000e+00 1.8832615304e+01 7.1770787322e-01
9.1850000000e+00 1.9273712476e+01 7.3461223711e-01
9.2490000000e+00 1.9715443865e+01 7.5154125567e-01
9.3110000000e+00 2.0157807655e+01 7.6826123849e-01
9.3720000000e+00 2.0600802044e+01 7.8498202431e-01
9.4310000000e+00 2.1044425242e+01 8.0146424721e-01
9.4890000000e+00 2.1488675470e+01 8.1792396089e-01
9.5450000000e+00 2.1933550963e+01 8.3411638265e-01
9.6000000000e+00 2.2379049970e+01 8.5026360638e-01
9.6540000000e+00 2.2825170749e+01 8.6635723710e-01
9.7070000000e+00 2.3271911573e+01 8.8238894781e-01
9.7580000000e+00 2.3719270724e+01 8.9810367410e-01
9.8080000000e+00 2.4167246498e+01 9.1373494179e-01
9.8570000000e+00 2.4615837203e+01 9.2927478124e-01
9.9050000000e+00 2.5065041157e+01 9.4471531341e-01
9.9520000000e+00 2.5514856690e+01 9.6004875434e-01
9.9970000000e+00 2.5965282143e+01 9.7500836499e-01
1.0042000000e+01 2.6416315870e+01 9.9010234036e-01
1.0086000000e+01 2.6867956235e+01 1.0050665263e+00
1.0129000000e+01 2.7320201610e+01 1.0198935595e+00
1.0170000000e+01 2.7773050384e+01 1.0343080940e+00
1.0211000000e+01 2.8226500951e+01 1.0488370273e+00
1.0251000000e+01 2.8680551718e+01 1.0632074571e+00
1.0290000000e+01 2.9135201103e+01 1.0774124941e+00
1.0329000000e+01 2.9590447534e+01 1.0917218717e+00
1.0366000000e+01 3.0046289449e+01 1.1055779513e+00
1.0403000000e+01 3.0502725296e+01 1.1195291639e+00
1.0439000000e+01 3.0959753533e+01 1.1332925070e+00
1.0474000000e+01 3.1417372629e+01 1.1468616087e+00
1.0508000000e+01 3.1875581061e+01 1.1602302318e+00
1.0542000000e+01 3.2334377318e+01 1.1736803004e+00
1.0575000000e+01 3.2793759898e+01 1.1869214017e+00
1.0607000000e+01 3.3253727306e+01 1.1999475815e+00
1.0639000000e+01 3.3714278061e+01 1.2130463729e+00
1.0670000000e+01 3.4175410687e+01 1.2259221416e+00
1.0700000000e+01 3.4637123721e+01 1.2385692262e+00
1.0730000000e+01 3.5099415706e+01 1.2512804948e+00
1.0759000000e+01 3.5562285197e+01 1.2637553831e+00
1.0788000000e+01 3.6025730755e+01 1.2762901425e+00
1.0815000000e+01 3.6489750952e+01 1.2882778615e+00
1.0843000000e+01 3.6954344368e+01 1.3006228751e+00
1.0870000000e+01 3.7419509592e+01 1.3127168075e+00
1.0896000000e+01 3.7885245223e+01 1.3245546209e+00
1.0921000000e+01 3.8351549866e+01 1.3361314222e+00
1.0947000000e+01 3.8818422135e+01 1.3480635761e+00
1.0971000000e+01 3.9285860654e+01 1.3594189000e+00
1.0995000000e+01 3.9753864055e+01 1.3708152850e+00
1.1019000000e+01 4.0222430977e+01 1.3822522806e+00
1.1042000000e+01 4.0691560068e+01 1.3934133922e+00
1.1065000000e+01 4.1161249983e+01 1.4046115400e+00
1.1087000000e+01 4.1631499387e+01 1.4155276639e+00
1.1109000000e+01 4.2102306951e+01 1.4264773824e+00
1.1131000000e+01 4.2573671356e+01 1.4374602717e+00
1.1152000000e+01 4.3045591288e+01 1.4481535588e+00
1.1172000000e+01 4.3518065443e+01 1.4585532019e+00
1.1192000000e+01 4.3991092523e+01 1.4689799514e+00
1.1212000000e+01 4.4464671239e+01 1.4794334209e+00
1.1231000000e+01 4.4938800310e+01 1.4895862721e+00
1.1250000000e+01 4.5413478459e+01 1.4997628185e+00
1.1269000000e+01 4.5888704420e+01 1.5099626905e+00
1.1287000000e+01 4.6364476933e+01 1.5198553066e+00
1.1305000000e+01 4.6840794744e+01 1.5297683725e+00
1.1322000000e+01 4.7317656609e+01 1.5393692675e+00
1.1340000000e+01 4.7795061289e+01 1.5493211459e+00
1.1356000000e+01 4.8273007551e+01 1.5586238619e+00
1.1373000000e+01 4.8751494171e+01 1.5682769007e+00
1.1389000000e+01 4.9230519933e+01 1.5776104582e+00
1.1405000000e+01 4.9710083624e+01 1.5869584913e+00
1.1420000000e+01 5.0190184041e+01 1.5959826492e+00
1.1435000000e+01 5.0670819986e+01 1.6050188438e+00
1.1450000000e+01 5.1151990268e+01 1.6140667869e+00
1.1465000000e+01 5.1633693704e+01 1.6231261893e+00
1.1479000000e+01 5.2115929116e+01 1.6318552224e+00
1.1493000000e+01 5.2598695333e+01 1.6405934391e+00
1.1507000000e+01 5.3081991190e+01 1.6493405718e+00
1.1520000000e+01 5.3565815528e+01 1.6577523668e+00
1.1533000000e+01 5.4050167196e+01 1.6661709499e+00
1.1546000000e+01 5.4535045048e+01 1.6745960756e+00
1.1559000000e+01 5.5020447945e+01 1.6830274979e+00
1.1571000000e+01 5.5506374752e+01 1.6911179317e+00
1.1583000000e+01 5.5992824343e+01 1.6992126945e+00
1.1595000000e+01 5.6479795597e+01 1.7073115625e+00
1.1607000000e+01 5.6967287398e+01 1.7154143116e+00
1.1618000000e+01 5.7455298636e+01 1.7231708557e+00
1.1629000000e+01 5.7943828210e+01 1.7309294712e+00
1.1640000000e+01 5.8432875020e+01 1.7386899564e+00
1.1651000000e+01 5.8922437975e+01 1.7464521093e+00
1.1661000000e+01 5.9412515989e+01 1.7538632650e+00
1.1672000000e+01 5.9903107982e+01 1.7616275097e+00
1.1682000000e+01 6.0394212878e+01 1.7690391170e+00
1.1692000000e+01 6.0885829610e+01 1.7764503700e+00
1.1701000000e+01 6.1377957113e+01 1.7835062162e+00
1.1711000000e+01 6.1870594329e+01 1.7909156376e+00
1.1720000000e+01 6.2363740205e+01 1.7979681624e+00
1.1729000000e+01 6.2857393695e+01 1.8050185056e+00
1.1738000000e+01 6.3351553757e+01 1.8120665096e+00
1.1746000000e+01 6.3846219354e+01 1.8187544089e+00
1.1755000000e+01 6.4341389455e+01 1.8257967365e+00
1.1763000000e+01 6.4837063034e+01 1.8324776294e+00
1.1771000000e+01 6.5333239071e+01 1.8391545596e+00
1.1779000000e+01 6.5829916549e+01 1.8458273912e+00
1.1787000000e+01 6.6327094458e+01 1.8524959889e+00
1.1794000000e+01 6.6824771794e+01 1.8587996867e+00
1.1801000000e+01 6.7322947555e+01 1.8650979742e+00
1.1809000000e+01 6.7821620746e+01 1.8717521460e+00
1.1816000000e+01 6.8320790377e+01 1.8780396984e+00
1.1823000000e+01 6.8820455462e+01 1.8843214906e+00
1.1829000000e+01 6.9320615021e+01 1.8902347279e+00
1.1836000000e+01 6.9821268078e+01 1.8965042475e+00
1.1842000000e+01 7.0322413662e+01 1.9024041964e+00
1.1848000000e+01 7.0824050806e+01 1.9082971614e+00
1.1855000000e+01 7.1326178550e+01 1.9145472773e+00
1.1861000000e+01 7.1828795936e+01 1.9204263608e+00
1.1866000000e+01 7.2331902013e+01 1.9259332178e+00
1.1872000000e+01 7.2835495832e+01 1.9317973147e+00
1.1878000000e+01 7.3339576451e+01 1.9376539639e+00
1.1883000000e+01 7.3844142931e+01 1.9431370876e+00
1.1888000000e+01 7.4349194339e+01 1.9486119243e+00
1.1893000000e+01 7.4854729744e+01 1.9540784009e+00
1.1898000000e+01 7.5360748223e+01 1.9595364445e+00
1.1903000000e+01 7.5867248855e+01 1.9649859830e+00
1.1908000000e+01 7.6374230722e+01 1.9704269444e+00
1.1913000000e+01 7.6881692914e+01 1.9758592574e+00
1.1917000000e+01 7.7389634523e+01 1.9809147623e+00
1.1921000000e+01 7.7898054645e+01 1.9859609327e+00
1.1926000000e+01 7.8406952382e+01 1.9913663263e+00
1.1930000000e+01 7.8916326839e+01 1.9963939198e+00
1.1934000000e+01 7.9426177124e+01 2.0014120130e+00
1.1938000000e+01 7.9936502352e+01 2.0064205534e+00
1.1942000000e+01 8.0447301640e+01 2.0114194886e+00
1.1945000000e+01 8.0958574110e+01 2.0160389371e+00
1.1949000000e+01 8.1470318888e+01 2.0210182792e+00
1.1952000000e+01 8.1982535103e+01 2.0256176011e+00
1.1956000000e+01 8.2495221889e+01 2.0305771669e+00
1.1959000000e+01 8.3008378384e+01 2.0351562003e+00
1.1962000000e+01 8.3522003730e+01 2.0397249329e+00
1.1965000000e+01 8.4036097072e+01 2.0442833302e+00
1.1968000000e+01 8.4550657560e+01 2.0488313582e+00
1.1971000000e+01 8.5065684347e+01 2.0533689832e+00
1.1974000000e+01 8.5581176589e+01 2.0578961720e+00
1.1977000000e+01 8.6097133449e+01 2.0624128919e+00
1.1979000000e+01 8.6613554091e+01 2.0665471798e+00
1.1982000000e+01 8.7130437684e+01 2.0710427032e+00
1.1984000000e+01 8.7647783398e+01 2.0751554296e+00
1.1986000000e+01 8.8165590412e+01 2.0792572717e+00
1.1989000000e+01 8.8683857903e+01 2.0837207243e+00
1.1991000000e+01 8.9202585055e+01 2.0878008766e+00
1.1993000000e+01 8.9721771056e+01 2.0918700885e+00
1.1995000000e+01 9.0241415094e+01 2.0959283433e+00
1.1997000000e+01 9.0761516365e+01 2.0999756249e+00
1.1999000000e+01 9.1282074066e+01 2.1040119175e+00
1.2000000000e+01 9.1803087398e+01 2.1076639641e+00
1.2002000000e+01 9.2324555565e+01 2.1116781252e+00
1.2004000000e+01 9.2846477775e+01 2.1156812558e+00
1.2005000000e+01 9.3368853239e+01 2.1192998021e+00
1.2006000000e+01 9.3891681174e+01 2.1229071100e+00
1.2008000000e+01 9.4414960795e+01 2.1268768814e+00
1.2009000000e+01 9.4938691326e+01 2.1304617828e+00
1.2010000000e+01 9.5462871991e+01 2.1340354362e+00
1.2011000000e+01 9.5987502018e+01 2.1375978403e+00
1.2013000000e+01 9.6512580639e+01 2.1415229948e+00
1.2014000000e+01 9.7038107089e+01 2.1450629596e+00
1.2014000000e+01 9.7564080605e+01 2.1482175468e+00
1.2015000000e+01 9.8090500429e+01 2.1517349455e+00
1.2016000000e+01 9.8617365806e+01 2.1552410922e+00
1.2017000000e+01 9.9144675983e+01 2.1587359873e+00
1.2018000000e+01 9.9672430211e+01 2.1622196315e+00
1.2018000000e+01 1.0020062774e+02 2.1653176702e+00
1.2019000000e+01 1.0072926784e+02 2.1687787773e+00
1.2019000000e+01 1.0125834976e+02 2.1718542206e+00
1.2020000000e+01 1.0178787276e+02 2.1752928100e+00
1.2020000000e+01 1.0231783612e+02 2.1783456913e+00
1.2020000000e+01 1.0284823909e+02 2.1813872964e+00
1.2021000000e+01 1.0337908096e+02 2.1847921388e+00
1.2021000000e+01 1.0391036100e+02 2.1878112384e+00
1.2021000000e+01 1.0444207849e+02 2.1908190957e+00
1.2021000000e+01 1.0497423271e+02 2.1938157232e+00
1.2021000000e+01 1.0550682294e+02 2.1968011340e+00
1.2021000000e+01 1.0603984847e+02 2.1997753411e+00
1.2021000000e+01 1.0657330860e+02 2.2027383579e+00
1.2021000000e+01 1.0710720260e+02 2.2056901978e+00
1.2021000000e+01 1.0764152979e+02 2.2086308746e+00
1.2020000000e+01 1.0817628946e+02 2.2111859105e+00
1.2020000000e+01 1.0871148091e+02 2.2141043184e+00
1.2020000000e+01 1.0924710344e+02 2.2170116082e+00
1.2019000000e+01 1.0978315636e+02 2.2195333643e+00
1.2019000000e+01 1.1031963899e+02 2.2224184853e+00
1.2019000000e+01 1.1085655063e+02 2.2252925348e+00
1.2018000000e+01 1.1139389060e+02 2.2277811836e+00
1.2017000000e+01 1.1193165822e+02 2.2302588608e+00
1.2017000000e+01 1.1246985281e+02 2.2330998559e+00
1.2016000000e+01 1.1300847369e+02 2.2355556167e+00
1.2015000000e+01 1.1354752019e+02 2.2380004730e+00
1.2015000000e+01 1.1408699164e+02 2.2408085848e+00
1.2014000000e+01 1.1462688737e+02 2.2432316526e+00
1.2013000000e+01 1.1516720671e+02 2.2456438842e+00
1.2012000000e+01 1.1570794901e+02 2.2480453032e+00
1.2011000000e+01 1.1624911359e+02 2.2504359335e+00
1.2010000000e+01 1.1679069981e+02 2.2528157990e+00
1.2009000000e+01 1.1733270700e+02 2.2551849237e+00
1.2008000000e+01 1.1787513452e+02 2.2575433319e+00
1.2007000000e+01 1.1841798171e+02 2.2598910476e+00
1.2006000000e+01 1.1896124793e+02 2.2622280953e+00
1.2005000000e+01 1.1950493252e+02 2.2645544993e+00
1.2004000000e+01 1.2004903486e+02 2.2668702842e+00
1.2003000000e+01 1.2059355429e+02 2.2691754744e+00
1.2001000000e+01 1.2113849017e+02 2.2710967850e+00
1.2000000000e+01 1.2168384189e+02 2.2733809393e+00
1.1999000000e+01 1.2222960879e+02 2.2756545755e+00
1.1997000000e+01 1.2277579025e+02 2.2775446554e+00
1.1996000000e+01 1.2332238564e+02 2.2797974154e+00
1.1995000000e+01 1.2386939434e+02 2.2820397343e+00
1.1993000000e+01 1.2441681572e+02 2.2838988391e+00
1.1992000000e+01 1.2496464916e+02 2.2861204428e+00
1.1990000000e+01 1.2551289404e+02 2.2879590721e+00
1.1989000000e+01 1.2606154974e+02 2.2901600697e+00
1.1987000000e+01 1.2661061566e+02 2.2919783404e+00
1.1985000000e+01 1.2716009117e+02 2.2937865264e+00
1.1984000000e+01 1.2770997567e+02 2.2959568710e+00
1.1982000000e+01 1.2826026855e+02 2.2977448762e+00
1.1980000000e+01 1.2881096921e+02 2.2995228882e+00
1.1979000000e+01 1.2936207704e+02 2.3016628332e+00
1.1977000000e+01 1.2991359144e+02 2.3034208427e+00
1.1975000000e+01 1.3046551182e+02 2.3051689508e+00
1.1973000000e+01 1.3101783757e+02 2.3069071887e+00
1.1971000000e+01 1.3157056810e+02 2.3086355875e+00
1.1970000000e+01 1.3212370283e+02 2.3107255094e+00
1.1968000000e+01 1.3267724116e+02 2.3124342058e+00
1.1966000000e+01 1.3323118250e+02 2.3141331550e+00
1.1964000000e+01 1.3378552626e+02 2.3158223883e+00
1.1962000000e+01 1.3434027187e+02 2.3175019368e+00
1.1960000000e+01 1.3489541875e+02 2.3191718317e+00
1.1958000000e+01 1.3545096631e+02 2.3208321041e+00
1.1956000000e+01 1.3600691397e+02 2.3224827853e+00
1.1954000000e+01 1.3656326117e+02 2.3241239063e+00
1.1952000000e+01 1.3712000732e+02 2.3257554983e+00
1.1949000000e+01 1.3767715187e+02 2.3270075100e+00
1.1947000000e+01 1.3823469423e+02 2.3286202705e+00
1.1945000000e+01 1.3879263384e+02 2.3302235968e+00
1.1943000000e+01 1.3935097014e+02 2.3318175201e+00
1.1941000000e+01 1.3990970256e+02 2.3334020713e+00
1.1938000000e+01 1.4046883055e+02 2.3346078774e+00
1.1936000000e+01 1.4102835354e+02 2.3361739178e+00
1.1934000000e+01 1.4158827097e+02 2.3377306806e+00
1.1932000000e+01 1.4214858230e+02 2.3392781968e+00
1.1929000000e+01 1.4270928697e+02 2.3404476601e+00
1.1927000000e+01 1.4327038443e+02 2.3419769216e+00
1.1925000000e+01 1.4383187413e+02 2.3434970307e+00
1.1922000000e+01 1.4439375551e+02 2.3446396190e+00
1.1920000000e+01 1.4495602805e+02 2.3461416653e+00
1.1917000000e+01 1.4551869118e+02 2.3472665513e+00
1.1915000000e+01 1.4608174438e+02 2.3487506632e+00
1.1913000000e+01 1.4664518710e+02 2.3502257795e+00
1.1910000000e+01 1.4720901880e+02 2.3513242854e+00
1.1908000000e+01 1.4777323896e+02 2.3527816582e+00
1.1905000000e+01 1.4833784702e+02 2.3538627923e+00
1.1903000000e+01 1.4890284247e+02 2.3553025492e+00
1.1900000000e+01 1.4946822476e+02 2.3563664433e+00
1.1897000000e+01 1.5003399338e+02 2.3574218450e+00
1.1895000000e+01 1.5060014780e+02 2.3588354971e+00
1.1892000000e+01 1.5116668748e+02 2.3598738568e+00
1.1890000000e+01 1.5173361191e+02 2.3612702113e+00
1.1887000000e+01 1.5230092057e+02 2.3622916597e+00
1.1884000000e+01 1.5286861294e+02 2.3633047821e+00
1.1882000000e+01 1.5343668849e+02 2.3646755102e+00
1.1879000000e+01 1.5400514671e+02 2.3656719173e+00
1.1876000000e+01 1.5457398709e+02 2.3666600974e+00
1.1874000000e+01 1.5514320911e+02 2.3680054850e+00
1.1871000000e+01 1.5571281227e+02 2.3689771447e+00
1.1868000000e+01 1.5628279605e+02 2.3699406759e+00
1.1865000000e+01 1.5685315995e+02 2.3708961118e+00
1.1863000000e+01 1.5742390345e+02 2.3722082115e+00
1.1860000000e+01 1.5799502607e+02 2.3731473853e+00
1.1857000000e+01 1.5856652728e+02 2.3740785613e+00
1.1854000000e+01 1.5913840660e+02 2.3750017720e+00
1.1851000000e+01 1.5971066352e+02 2.3759170501e+00
1.1849000000e+01 1.6028329755e+02 2.3771882926e+00
1.1846000000e+01 1.6085630818e+02 2.3780876290e+00
1.1843000000e+01 1.6142969493e+02 2.3789791291e+00
1.1840000000e+01 1.6200345731e+02 2.3798628252e+00
1.1837000000e+01 1.6257759481e+02 2.3807387494e+00
1.1834000000e+01 1.6315210695e+02 2.3816069339e+00
1.1831000000e+01 1.6372699325e+02 2.3824674106e+00
1.1828000000e+01 1.6430225322e+02 2.3833202114e+00
1.1826000000e+01 1.6487788636e+02 2.3845278150e+00
1.1823000000e+01 1.6545389221e+02 2.3853651795e+00
1.1820000000e+01 1.6603027027e+02 2.3861949626e+00
1.1817000000e+01 1.6660702007e+02 2.3870171959e+00
1.1814000000e+01 1.6718414113e+02 2.3878319107e+00
1.1811000000e+01 1.6776163297e+02 2.3886391386e+00
1.1808000000e+01 1.6833949512e+02 2.3894389107e+00
1.1805000000e+01 1.6891772710e+02 2.3902312584e+00
1.1802000000e+01 1.6949632843e+02 2.3910162127e+00
1.1799000000e+01 1.7007529866e+02 2.3917938047e+00
1.1796000000e+01 1.7065463730e+02 2.3925640653e+00
1.1793000000e+01 1.7123434390e+02 2.3933270254e+00
1.1790000000e+01 1.7181441798e+02 2.3940827157e+00
1.1786000000e+01 1.7239485908e+02 2.3944711098e+00
1.1783000000e+01 1.7297566674e+02 2.3952125408e+00
1.1780000000e+01 1.7355684049e+02 2.3959467945e+00
1.1777000000e+01 1.7413837987e+02 2.3966739012e+00
1.1774000000e+01 1.7472028443e+02 2.3973938912e+00
1.1771000000e+01 1.7530255370e+02 2.3981067948e+00
1.1768000000e+01 1.7588518723e+02 2.3988126420e+00
1.1765000000e+01 1.7646818457e+02 2.3995114630e+00
1.1762000000e+01 1.7705154526e+02 2.4002032877e+00
1.1758000000e+01 1.7763526885e+02 2.4005297952e+00
1.1755000000e+01 1.7821935489e+02 2.4012079100e+00
1.1752000000e+01 1.7880380293e+02 2.4018791182e+00
1.1749000000e+01 1.7938861252e+02 2.4025434496e+00
1.1746000000e+01 1.7997378321e+02 2.4032009335e+00
1.1743000000e+01 1.8055931457e+02 2.4038515995e+00
1.1739000000e+01 1.8114520614e+02 2.4041382839e+00
1.1736000000e+01 1.8173145748e+02 2.4047755977e+00
1.1733000000e+01 1.8231806816e+02 2.4054061817e+00
1.1730000000e+01 1.8290503773e+02 2.4060300649e+00
1.1727000000e+01 1.8349236576e+02 2.4066472761e+00
1.1723000000e+01 1.8408005180e+02 2.4069016271e+00
1.1720000000e+01 1.8466809543e+02 2.4075057793e+00
1.1717000000e+01 1.8525649620e+02 2.4081033462e+00
1.1714000000e+01 1.8584525369e+02 2.4086943564e+00
1.1710000000e+01 1.8643436746e+02 2.4089234075e+00
1.1707000000e+01 1.8702383709e+02 2.4095015896e+00
1.1704000000e+01 1.8761366213e+02 2.4100733006e+00
1.1701000000e+01 1.8820384218e+02 2.4106385687e+00
1.1697000000e+01 1.8879437679e+02 2.4108427831e+00
1.1694000000e+01 1.8938526555e+02 2.4113954509e+00
1.1691000000e+01 1.8997650802e+02 2.4119417602e+00
1.1688000000e+01 1.9056810380e+02 2.4124817387e+00
1.1684000000e+01 1.9116005244e+02 2.4126615731e+00
1.1681000000e+01 1.9175235355e+02 2.4131891761e+00
1.1678000000e+01 1.9234500669e+02 2.4137105315e+00
1.1674000000e+01 1.9293801145e+02 2.4138724248e+00
1.1671000000e+01 1.9353136741e+02 2.4143815713e+00
1.1668000000e+01 1.9412507416e+02 2.4148845526e+00
1.1664000000e+01 1.9471913128e+02 2.4150287556e+00
1.1661000000e+01 1.9531353836e+02 2.4155196927e+00
1.1658000000e+01 1.9590829499e+02 2.4160045461e+00
1.1654000000e+01 1.9650340076e+02 2.4161313066e+00
1.1651000000e+01 1.9709885526e+02 2.4166042789e+00
1.1648000000e+01 1.9769465808e+02 2.4170712482e+00
1.1644000000e+01 1.9829080881e+02 2.4171808113e+00
1.1641000000e+01 1.9888730705e+02 2.4176360606e+00
1.1638000000e+01 1.9948415240e+02 2.4180853867e+00
1.1634000000e+01 2.0008134445e+02 2.4181779947e+00
1.1631000000e+01 2.0067888279e+02 2.4186157602e+00
1.1628000000e+01 2.0127676704e+02 2.4190476814e+00
1.1624000000e+01 2.0187499678e+02 2.4191235738e+00
1.1621000000e+01 2.0247357162e+02 2.4195440922e+00
1.1617000000e+01 2.0307249116e+02 2.4196090379e+00
1.1614000000e+01 2.0367175501e+02 2.4200182577e+00
1.1611000000e+01 2.0427136277e+02 2.4204217629e+00
1.1607000000e+01 2.0487131404e+02 2.4204703861e+00
1.1604000000e+01 2.0547160844e+02 2.4208627475e+00
1.1601000000e+01 2.0607224557e+02 2.4212494707e+00
1.1597000000e+01 2.0667322504e+02 2.4212820036e+00
1.1594000000e+01 2.0727454647e+02 2.4216577360e+00
1.1590000000e+01 2.0787620945e+02 2.4216797353e+00
1.1587000000e+01 2.0847821362e+02 2.4220445781e+00
1.1583000000e+01 2.0908055857e+02 2.4220561450e+00
1.1580000000e+01 2.0968324392e+02 2.4224101984e+00
1.1577000000e+01 2.1028626930e+02 2.4227587892e+00
1.1573000000e+01 2.1088963431e+02 2.4227547970e+00
1.1570000000e+01 2.1149333858e+02 2.4230927474e+00
1.1566000000e+01 2.1209738172e+02 2.4230785723e+00
1.1563000000e+01 2.1270176336e+02 2.4234059806e+00
1.1560000000e+01 2.1330648311e+02 2.4237280490e+00
1.1556000000e+01 2.1391154060e+02 2.4236986849e+00
1.1553000000e+01 2.1451693545e+02 2.4240103572e+00
1.1549000000e+01 2.1512266729e+02 2.4239710549e+00
1.1546000000e+01 2.1572873574e+02 2.4242724275e+00
1.1542000000e+01 2.1633514042e+02 2.4242232832e+00
1.1539000000e+01 2.1694188098e+02 2.4245144520e+00
1.1535000000e+01 2.1754895702e+02 2.4244555613e+00
1.1532000000e+01 2.1815636819e+02 2.4247366211e+00
1.1529000000e+01 2.1876411411e+02 2.4250125557e+00
1.1525000000e+01 2.1937219442e+02 2.4249391238e+00
1.1522000000e+01 2.1998060875e+02 2.4252050903e+00
1.1518000000e+01 2.2058935673e+02 2.4251221476e+00
1.1515000000e+01 2.2119843800e+02 2.4253782390e+00
1.1511000000e+01 2.2180785219e+02 2.4252858783e+00
1.1508000000e+01 2.2241759893e+02 2.4255321870e+00
1.1504000000e+01 2.2302767788e+02 2.4254305002e+00
1.1501000000e+01 2.2363808866e+02 2.4256671177e+00
1.1498000000e+01 2.2424883091e+02 2.4258988173e+00
1.1494000000e+01 2.2485990428e+02 2.4257832132e+00
1.1491000000e+01 2.2547130841e+02 2.4260053575e+00
1.1487000000e+01 2.2608304294e+02 2.4258806542e+00
1.1484000000e+01 2.2669510751e+02 2.4260933328e+00
1.1480000000e+01 2.2730750176e+02 2.4259596196e+00
1.1477000000e+01 2.2792022535e+02 2.4261629214e+00
1.1473000000e+01 2.2853327792e+02 2.4260202869e+00
1.1470000000e+01 2.2914665912e+02 2.4262143002e+00
1.1466000000e+01 2.2976036859e+02 2.4260628322e+00
1.1463000000e+01 2.3037440598e+02 2.4262476445e+00
1.1459000000e+01 2.3098877095e+02 2.4260874300e+00
1.1456000000e+01 2.3160346315e+02 2.4262631280e+00
1.1452000000e+01 2.3221848222e+02 2.4260942535e+00
1.1449000000e+01 2.3283382782e+02 2.4262609232e+00
1.1446000000e+01 2.3344949960e+02 2.4264230043e+00
1.1442000000e+01 2.3406549723e+02 2.4262412008e+00
1.1439000000e+01 2.3468182034e+02 2.4263943814e+00
1.1435000000e+01 2.3529846861e+02 2.4262041304e+00
1.1432000000e+01 2.3591544169e+02 2.4263484947e+00
1.1428000000e+01 2.3653273923e+02 2.4261498800e+00
1.1425000000e+01 2.3715036090e+02 2.4262855115e+00
1.1421000000e+01 2.3776830636e+02 2.4260786159e+00
1.1418000000e+01 2.3838657526e+02 2.4262055975e+00
1.1414000000e+01 2.3900516727e+02 2.4259905033e+00
1.1411000000e+01 2.3962408205e+02 2.4261089172e+00
1.1407000000e+01 2.4024331927e+02 2.4258857060e+00
1.1404000000e+01 2.4086287859e+02 2.4259956335e+00
1.1400000000e+01 2.4148275967e+02 2.4257643862e+00
1.1397000000e+01 2.4210296219e+02 2.4258659081e+00
1.1393000000e+01 2.4272348580e+02 2.4256267046e+00
1.1390000000e+01 2.4334433019e+02 2.4257199010e+00
1.1387000000e+01 2.4396549500e+02 2.4258088583e+00
1.1383000000e+01 2.4458697993e+02 2.4255577711e+00
1.1380000000e+01 2.4520878463e+02 2.4256385217e+00
1.1376000000e+01 2.4583090877e+02 2.4253796758e+00
1.1373000000e+01 2.4645335204e+02 2.4254522980e+00
1.1369000000e+01 2.4707611410e+02 2.4251857710e+00
1.1366000000e+01 2.4769919463e+02 2.4252503426e+00
1.1362000000e+01 2.4832259330e+02 2.4249762114e+00
1.1359000000e+01 2.4894630979e+02 2.4250328094e+00
1.1355000000e+01 2.4957034377e+02 2.4247511502e+00
1.1352000000e+01 2.5019469492e+02 2.4247998511e+00
1.1348000000e+01 2.5081936292e+02 2.4245107396e+00
1.1345000000e+01 2.5144434745e+02 2.4245516189e+00
1.1341000000e+01 2.5206964818e+02 2.4242551299e+00
1.1338000000e+01 2.5269526481e+02 2.4242882627e+00
1.1334000000e+01 2.5332119700e+02 2.4239844706e+00
1.1331000000e+01 2.5394744445e+02 2.4240099312e+00
1.1328000000e+01 2.5457400683e+02 2.4240314780e+00
1.1324000000e+01 2.5520088383e+02 2.4237167717e+00
1.1321000000e+01 2.5582807513e+02 2.4237307568e+00
1.1317000000e+01 2.5645558042e+02 2.4234089302e+00
1.1314000000e+01 2.5708339939e+02 2.4234154264e+00
1.1310000000e+01 2.5771153171e+02 2.4230865514e+00
1.1307000000e+01 2.5833997709e+02 2.4230856308e+00
1.1303000000e+01 2.5896873520e+02 2.4227497786e+00
1.1300000000e+01 2.5959780574e+02 2.4227415127e+00
1.1296000000e+01 2.6022718840e+02 2.4223987539e+00
1.1293000000e+01 2.6085688286e+02 2.4223832137e+00
1.1290000000e+01 2.6148688882e+02 2.4223639578e+00
1.1286000000e+01 2.6211720597e+02 2.4220108740e+00
1.1283000000e+01 2.6274783401e+02 2.4219844490e+00
1.1279000000e+01 2.6337877262e+02 2.4216246325e+00
1.1276000000e+01 2.6401002151e+02 2.4215911077e+00
1.1272000000e+01 2.6464158036e+02 2.4212246269e+00
1.1269000000e+01 2.6527344888e+02 2.4211840710e+00
1.1265000000e+01 2.6590562676e+02 2.4208109937e+00
1.1262000000e+01 2.6653811369e+02 2.4207634749e+00
1.1259000000e+01 2.6717090939e+02 2.4207123956e+00
1.1255000000e+01 2.6780401353e+02 2.4203294538e+00
1.1252000000e+01 2.6843742583e+02 2.4202715128e+00
1.1248000000e+01 2.6907114599e+02 2.4198821414e+00
1.1245000000e+01 2.6970517371e+02 2.4198174051e+00
1.1241000000e+01 2.7033950868e+02 2.4194216696e+00
1.1238000000e+01 2.7097415061e+02 2.4193502042e+00
1.1234000000e+01 2.7160909921e+02 2.4189481696e+00
1.1231000000e+01 2.7224435418e+02 2.4188700404e+00
1.1228000000e+01 2.7287991522e+02 2.4187885000e+00
1.1224000000e+01 2.7351578204e+02 2.4183770430e+00
1.1221000000e+01 2.7415195434e+02 2.4182889360e+00
1.1217000000e+01 2.7478843184e+02 2.4178713400e+00
1.1214000000e+01 2.7542521423e+02 2.4177767304e+00
1.1211000000e+01 2.7606230124e+02 2.4176787902e+00
1.1207000000e+01 2.7669969256e+02 2.4172520095e+00
1.1204000000e+01 2.7733738790e+02 2.4171476616e+00
1.1200000000e+01 2.7797538699e+02 2.4167148983e+00
1.1197000000e+01 2.7861368952e+02 2.4166042054e+00
1.1193000000e+01 2.7925229521e+02 2.4161655210e+00
1.1190000000e+01 2.7989120377e+02 2.4160485450e+00
1.1187000000e+01 2.8053041492e+02 2.4159283480e+00
1.1183000000e+01 2.8116992837e+02 2.4154808027e+00
1.1180000000e+01 2.8180974383e+02 2.4153544147e+00
1.1176000000e+01 2.8244986102e+02 2.4149010996e+00
1.1173000000e+01 2.8309027965e+02 2.4147685812e+00
1.1170000000e+01 2.8373099944e+02 2.4146329180e+00
1.1166000000e+01 2.8437202012e+02 2.4141709670e+00
1.1163000000e+01 2.8501334139e+02 2.4140292634e+00
1.1159000000e+01 2.8565496297e+02 2.4135616905e+00
1.1156000000e+01 2.8629688459e+02 2.4134140058e+00
1.1153000000e+01 2.8693910596e+02 2.4132632509e+00
1.1149000000e+01 2.8758162680e+02 2.4127872619e+00
1.1146000000e+01 2.8822444684e+02 2.4126306138e+00
1.1143000000e+01 2.8886756579e+02 2.4124709396e+00
1.1139000000e+01 2.8951098339e+02 2.4119866640e+00
1.1136000000e+01 2.9015469935e+02 2.4118211835e+00
1.1132000000e+01 2.9079871339e+02 2.4113315155e+00
1.1129000000e+01 2.9144302524e+02 2.4111602858e+00
1.1126000000e+01 2.9208763463e+02 2.4109861019e+00
1.1122000000e+01 2.9273254128e+02 2.4104883590e+00
1.1119000000e+01 2.9337774491e+02 2.4103085107e+00
1.1116000000e+01 2.9402324526e+02 2.4101257507e+00
1.1112000000e+01 2.9466904205e+02 2.4096200577e+00
1.1109000000e+01 2.9531513501e+02 2.4094317170e+00
1.1105000000e+01 2.9596152386e+02 2.4089208527e+00
1.1102000000e+01 2.9660820835e+02 2.4087269864e+00
1.1099000000e+01 2.9725518819e+02 2.4085302779e+00
1.1095000000e+01 2.9790246312e+02 2.4080116673e+00
1.1092000000e+01 2.9855003286e+02 2.4078095149e+00
1.1089000000e+01 2.9919789716e+02 2.4076045612e+00
1.1085000000e+01 2.9984605574e+02 2.4070783246e+00
1.1082000000e+01 3.0049450834e+02 2.4068680077e+00
1.1079000000e+01 3.0114325469e+02 2.4066549299e+00
1.1075000000e+01 3.0179229452e+02 2.4061211857e+00
1.1072000000e+01 3.0244162757e+02 2.4059028244e+00
1.1069000000e+01 3.0309125358e+02 2.4056817420e+00
1.1065000000e+01 3.0374117227e+02 2.4051406069e+00
1.1062000000e+01 3.0439138339e+02 2.4049143195e+00
1.1059000000e+01 3.0504188668e+02 2.4046853504e+00
1.1055000000e+01 3.0569268187e+02 2.4041369397e+00
1.1052000000e+01 3.0634376870e+02 2.4039028429e+00
1.1049000000e+01 3.0699514691e+02 2.4036661032e+00
1.1045000000e+01 3.0764681623e+02 2.4031105304e+00
1.1042000000e+01 3.0829877642e+02 2.4028687394e+00
1.1039000000e+01 3.0895102720e+02 2.4026243437e+00
1.1035000000e+01 3.0960356833e+02 2.4020617207e+00
1.1032000000e+01 3.1025639954e+02 2.4018123490e+00
1.1029000000e+01 3.1090952057e+02 2.4015604104e+00
1.1026000000e+01 3.1156293118e+02 2.4013059174e+00
1.1022000000e+01 3.1221663109e+02 2.4007340072e+00
1.1019000000e+01 3.1287062006e+02 2.4004746372e+00
1.1016000000e+01 3.1352489783e+02 2.4002127498e+00
1.1012000000e+01 3.1417946415e+02 2.3996340448e+00
1.1009000000e+01 3.1483431876e+02 2.3993673533e+00
1.1006000000e+01 3.1548946140e+02 2.3990981810e+00
1.1002000000e+01 3.1614489184e+02 2.3985127877e+00
1.0999000000e+01 3.1680060980e+02 2.3982388832e+00
1.0996000000e+01 3.1745661505e+02 2.3979625340e+00
1.0993000000e+01 3.1811290732e+02 2.3976837520e+00
1.0989000000e+01 3.1876948637e+02 2.3970895471e+00
1.0986000000e+01 3.1942635195e+02 2.3968061274e+00
1.0983000000e+01 3.2008350381e+02 2.3965203103e+00
1.0980000000e+01 3.2074094170e+02 2.3962321076e+00
1.0976000000e+01 3.2139866537e+02 2.3956292753e+00
1.0973000000e+01 3.2205667457e+02 2.3953365276e+00
1.0970000000e+01 3.2271496906e+02 2.3950414291e+00
1.0966000000e+01 3.2337354858e+02 2.3944322876e+00
1.0963000000e+01 3.2403241290e+02 2.3941327123e+00
1.0960000000e+01 3.2469156176e+02 2.3938308206e+00
1.0957000000e+01 3.2535099492e+02 2.3935266236e+00
1.0953000000e+01 3.2601071213e+02 2.3929091684e+00
1.0950000000e+01 3.2667071316e+02 2.3926005845e+00
1.0947000000e+01 3.2733099775e+02 2.3922897292e+00
1.0944000000e+01 3.2799156567e+02 2.3919766135e+00
1.0941000000e+01 3.2865241666e+02 2.3916612488e+00
1.0937000000e+01 3.2931355050e+02 2.3910336048e+00
1.0934000000e+01 3.2997496693e+02 2.3907139630e+00
1.0931000000e+01 3.3063666571e+02 2.3903921051e+00
1.0928000000e+01 3.3129864661e+02 2.3900680418e+00
1.0924000000e+01 3.3196090938e+02 2.3894324728e+00
1.0921000000e+01 3.3262345379e+02 2.3891042186e+00
1.0918000000e+01 3.3328627959e+02 2.3887737914e+00
1.0915000000e+01 3.3394938655e+02 2.3884412020e+00
1.0911000000e+01 3.3461277443e+02 2.3877978754e+00
1.0908000000e+01 3.3527644299e+02 2.3874611795e+00
1.0905000000e+01 3.3594039199e+02 2.3871223531e+00
1.0902000000e+01 3.3660462119e+02 2.3867814066e+00
1.0899000000e+01 3.3726913037e+02 2.3864383507e+00
1.0895000000e+01 3.3793391928e+02 2.3857855165e+00
1.0892000000e+01 3.3859898769e+02 2.3854384576e+00
1.0889000000e+01 3.3926433537e+02 2.3850893202e+00
1.0886000000e+01 3.3992996207e+02 2.3847381145e+00
1.0883000000e+01 3.4059586757e+02 2.3843848510e+00
1.0880000000e+01 3.4126205164e+02 2.3840295397e+00
1.0876000000e+01 3.4192851404e+02 2.3833655949e+00
1.0873000000e+01 3.4259525453e+02 2.3830064018e+00
1.0870000000e+01 3.4326227289e+02 2.3826451911e+00
1.0867000000e+01 3.4392956889e+02 2.3822819728e+00
1.0864000000e+01 3.4459714229e+02 2.3819167570e+00
1.0860000000e+01 3.4526499286e+02 2.3812438494e+00
1.0857000000e+01 3.4593312038e+02 2.3808748501e+00
1.0854000000e+01 3.4660152461e+02 2.3805038825e+00
1.0851000000e+01 3.4727020533e+02 2.3801309567e+00
1.0848000000e+01 3.4793916231e+02 2.3797560823e+00
1.0845000000e+01 3.4860839531e+02 2.3793792690e+00
1.0841000000e+01 3.4927790412e+02 2.3786958882e+00
1.0838000000e+01 3.4994768850e+02 2.3783154064e+00
1.0835000000e+01 3.5061774823e+02 2.3779330144e+00
1.0832000000e+01 3.5128808309e+02 2.3775487216e+00
1.0829000000e+01 3.5195869284e+02 2.3771625377e+00
1.0826000000e+01 3.5262957726e+02 2.3767744721e+00
1.0823000000e+01 3.5330073612e+02 2.3763845341e+00
1.0819000000e+01 3.5397216921e+02 2.3756893294e+00
1.0816000000e+01 3.5464387630e+02 2.3752958532e+00
1.0813000000e+01 3.5531585716e+02 2.3749005323e+00
1.0810000000e+01 3.5598811158e+02 2.3745033760e+00
1.0807000000e+01 3.5666063932e+02 2.3741043935e+00
1.0804000000e+01 3.5733344017e+02 2.3737035940e+00
1.0801000000e+01 3.5800651391e+02 2.3733009865e+00
1.0798000000e+01 3.5867986031e+02 2.3728965801e+00
1.0795000000e+01 3.5935347916e+02 2.3724903839e+00
1.0791000000e+01 3.6002737023e+02 2.3717805773e+00
1.0788000000e+01 3.6070153331e+02 2.3713710043e+00
1.0785000000e+01 3.6137596817e+02 2.3709596679e+00
1.0782000000e+01 3.6205067460e+02 2.3705465772e+00
1.0779000000e+01 3.6272565238e+02 2.3701317408e+00
1.0776000000e+01 3.6340090128e+02 2.3697151676e+00
1.0773000000e+01 3.6407642110e+02 2.3692968663e+00
1.0770000000e+01 3.6475221162e+02 2.3688768456e+00
1.0767000000e+01 3.6542827261e+02 2.3684551142e+00
1.0764000000e+01 3.6610460386e+02 2.3680316806e+00
1.0760000000e+01 3.6678120517e+02 2.3673064498e+00
1.0757000000e+01 3.6745807630e+02 2.3668798109e+00
1.0754000000e+01 3.6813521705e+02 2.3664514953e+00
1.0751000000e+01 3.6881262720e+02 2.3660215114e+00
1.0748000000e+01 3.6949030653e+02 2.3655898675e+00
1.0745000000e+01 3.7016825484e+02 2.3651565722e+00
1.0742000000e+01 3.7084647192e+02 2.3647216336e+00
1.0739000000e+01 3.7152495754e+02 2.3642850602e+00
1.0736000000e+01 3.7220371149e+02 2.3638468602e+00
1.0733000000e+01 3.7288273357e+02 2.3634070418e+00
1.0730000000e+01 3.7356202356e+02 2.3629656133e+00
1.0727000000e+01 3.7424158125e+02 2.3625225827e+00
1.0724000000e+01 3.7492140643e+02 2.3620779581e+00
1.0721000000e+01 3.7560149889e+02 2.3616317477e+00
1.0718000000e+01 3.7628185842e+02 2.3611839595e+00
1.0715000000e+01 3.7696248480e+02 2.3607346015e+00
1.0712000000e+01 3.7764337784e+02 2.3602836816e+00
1.0709000000e+01 3.7832453733e+02 2.3598312078e+00
1.0706000000e+01 3.7900596304e+02 2.3593771880e+00
1.0703000000e+01 3.7968765479e+02 2.3589216300e+00
1.0699000000e+01 3.8036961235e+02 2.3581678299e+00
1.0696000000e+01 3.8105183552e+02 2.3577093868e+00
1.0693000000e+01 3.8173432410e+02 2.3572494285e+00
1.0690000000e+01 3.8241707787e+02 2.3567879629e+00
1.0687000000e+01 3.8310009664e+02 2.3563249976e+00
1.0684000000e+01 3.8378338020e+02 2.3558605401e+00
1.0681000000e+01 3.8446692833e+02 2.3553945982e+00
1.0678000000e+01 3.8515074085e+02 2.3549271793e+00
1.0675000000e+01 3.8583481754e+02 2.3544582910e+00
1.0672000000e+01 3.8651915820e+02 2.3539879409e+00
1.0669000000e+01 3.8720376262e+02 2.3535161363e+00
1.0666000000e+01 3.8788863061e+02 2.3530428846e+00
1.0663000000e+01 3.8857376196e+02 2.3525681934e+00
1.0660000000e+01 3.8925915646e+02 2.3520920699e+00
1.0657000000e+01 3.8994481392e+02 2.3516145214e+00
1.0655000000e+01 3.9063073414e+02 2.3514297777e+00
1.0652000000e+01 3.9131691691e+02 2.3509492374e+00
1.0649000000e+01 3.9200336203e+02 2.3504672942e+00
1.0646000000e+01 3.9269006930e+02 2.3499839553e+00
1.0643000000e+01 3.9337703853e+02 2.3494992278e+00
1.0640000000e+01 3.9406426951e+02 2.3490131188e+00
1.0637000000e+01 3.9475176204e+02 2.3485256355e+00
1.0634000000e+01 3.9543951593e+02 2.3480367849e+00
1.0631000000e+01 3.9612753097e+02 2.3475465740e+00
1.0628000000e+01 3.9681580697e+02 2.3470550098e+00
1.0625000000e+01 3.9750434373e+02 2.3465620992e+00
1.0622000000e+01 3.9819314105e+02 2.3460678493e+00
1.0619000000e+01 3.9888219874e+02 2.3455722668e+00
1.0616000000e+01 3.9957151659e+02 2.3450753586e+00
1.0613000000e+01 4.0026109442e+02 2.3445771316e+00
1.0610000000e+01 4.0095093203e+02 2.3440775925e+00
1.0607000000e+01 4.0164102922e+02 2.3435767482e+00
1.0604000000e+01 4.0233138579e+02 2.3430746053e+00
1.0601000000e+01 4.0302200156e+02 2.3425711705e+00
1.0598000000e+01 4.0371287632e+02 2.3420664506e+00
1.0596000000e+01 4.0440400989e+02 2.3418514278e+00
1.0593000000e+01 4.0509540206e+02 2.3413439990e+00
1.0590000000e+01 4.0578705265e+02 2.3408353050e+00
1.0587000000e+01 4.0647896147e+02 2.3403253526e+00
1.0584000000e+01 4.0717112831e+02 2.3398141481e+00
1.0581000000e+01 4.0786355300e+02 2.3393016980e+00
1.0578000000e+01 4.0855623533e+02 2.3387880088e+00
1.0575000000e+01 4.0924917511e+02 2.3382730870e+00
1.0572000000e+01 4.0994237216e+02 2.3377569389e+00
1.0569000000e+01 4.1063582628e+02 2.3372395708e+00
1.0566000000e+01 4.1132953729e+02 2.3367209892e+00
1.0564000000e+01 4.1202350499e+02 2.3364904260e+00
1.0561000000e+01 4.1271772918e+02 2.3359692806e+00
1.0558000000e+01 4.1341220970e+02 2.3354469407e+00
1.0555000000e+01 4.1410694633e+02 2.3349234126e+00
1.0552000000e+01 4.1480193891e+02 2.3343987023e+00
1.0549000000e+01 4.1549718722e+02 2.3338728161e+00
1.0546000000e+01 4.1619269110e+02 2.3333457601e+00
1.0543000000e+01 4.1688845035e+02 2.3328175404e+00
1.0541000000e+01 4.1758446479e+02 2.3325761302e+00
1.0538000000e+01 4.1828073422e+02 2.3320454479e+00
1.0535000000e+01 4.1897725846e+02 2.3315136203e+00
1.0532000000e+01 4.1967403732e+02 2.3309806534e+00
1.0529000000e+01 4.2037107063e+02 2.3304465531e+00
1.0526000000e+01 4.2106835818e+02 2.3299113254e+00
1.0523000000e+01 4.2176589981e+02 2.3293749761e+00
1.0521000000e+01 4.2246369531e+02 2.3291243882e+00
1.0518000000e+01 4.2316174451e+02 2.3285856620e+00
1.0515000000e+01 4.2386004723e+02 2.3280458320e+00
1.0512000000e+01 4.2455860328e+02 2.3275049041e+00
1.0509000000e+01 4.2525741247e+02 2.3269628841e+00
1.0506000000e+01 4.2595647463e+02 2.3264197776e+00
1.0504000000e+01 4.2665578956e+02 2.3261615400e+00
1.0501000000e+01 4.2735535709e+02 2.3256161278e+00
1.0498000000e+01 4.2805517704e+02 2.3250696465e+00
1.0495000000e+01 4.2875524922e+02 2.3245221018e+00
1.0492000000e+01 4.2945557345e+02 2.3239734991e+00
1.0490000000e+01 4.3015614955e+02 2.3237090244e+00
1.0487000000e+01 4.3085697734e+02 2.3231581741e+00
1.0484000000e+01 4.3155805664e+02 2.3226062829e+00
1.0481000000e+01 4.3225938726e+02 2.3220533562e+00
1.0478000000e+01 4.3296096904e+02 2.3214993994e+00
1.0475000000e+01 4.3366280178e+02 2.3209444181e+00
1.0473000000e+01 4.3436488531e+02 2.3206726879e+00
1.0470000000e+01 4.3506721945e+02 2.3201155268e+00
1.0467000000e+01 4.3576980402e+02 2.3195573576e+00
1.0464000000e+01 4.3647263885e+02 2.3189981856e+00
1.0462000000e+01 4.3717572375e+02 2.3187216773e+00
1.0459000000e+01 4.3787905854e+02 2.3181603698e+00
1.0456000000e+01 4.3858264306e+02 2.3175980757e+00
1.0453000000e+01 4.3928647712e+02 2.3170348002e+00
1.0450000000e+01 4.3999056054e+02 2.3164705486e+00
1.0448000000e+01 4.4069489315e+02 2.3161882373e+00
1.0445000000e+01 4.4139947478e+02 2.3156219043e+00
1.0442000000e+01 4.4210430524e+02 2.3150546110e+00
1.0439000000e+01 4.4280938437e+02 2.3144863624e+00
1.0437000000e+01 4.4351471198e+02 2.3141994752e+00
1.0434000000e+01 4.4422028790e+02 2.3136291878e+00
1.0431000000e+01 4.4492611195e+02 2.3130579606e+00
1.0428000000e+01 4.4563218397e+02 2.3124857987e+00
1.0426000000e+01 4.4633850378e+02 2.3121944229e+00
1.0423000000e+01 4.4704507120e+02 2.3116202639e+00
1.0420000000e+01 4.4775188607e+02 2.3110451855e+00
1.0417000000e+01 4.4845894820e+02 2.3104691924e+00
1.0415000000e+01 4.4916625742e+02 2.3101734138e+00
1.0412000000e+01 4.4987381357e+02 2.3095954647e+00
1.0409000000e+01 4.5058161647e+02 2.3090166159e+00
1.0406000000e+01 4.5128966595e+02 2.3084368722e+00
1.0404000000e+01 4.5199796183e+02 2.3081367752e+00
1.0401000000e+01 4.5270650395e+02 2.3075551158e+00
1.0398000000e+01 4.5341529213e+02 2.3069725761e+00
1.0396000000e+01 4.5412432621e+02 2.3066692540e+00
1.0393000000e+01 4.5483360601e+02 2.3060848284e+00
1.0390000000e+01 4.5554313136e+02 2.3054995370e+00
1.0387000000e+01 4.5625290210e+02 2.3049133845e+00
1.0385000000e+01 4.5696291805e+02 2.3046058882e+00
1.0382000000e+01 4.5767317904e+02 2.3040178888e+00
1.0379000000e+01 4.5838368491e+02 2.3034290424e+00
1.0377000000e+01 4.5909443548e+02 2.3031184280e+00
1.0374000000e+01 4.5980543060e+02 2.3025277635e+00
1.0371000000e+01 4.6051667008e+02 2.3019362661e+00
1.0368000000e+01 4.6122815377e+02 2.3013439402e+00
1.0366000000e+01 4.6193988149e+02 2.3010292914e+00
1.0363000000e+01 4.6265185308e+02 2.3004351852e+00
1.0360000000e+01 4.6336406837e+02 2.2998402643e+00
1.0358000000e+01 4.6407652720e+02 2.2995226010e+00
1.0355000000e+01 4.6478922939e+02 2.2989259278e+00
1.0352000000e+01 4.6550217478e+02 2.2983284533e+00
1.0350000000e+01 4.6621536321e+02 2.2980078191e+00
1.0347000000e+01 4.6692879451e+02 2.2974086199e+00
1.0344000000e+01 4.6764246852e+02 2.2968086329e+00
1.0342000000e+01 4.6835638506e+02 2.2964850707e+00
1.0339000000e+01 4.6907054398e+02 2.2958833861e+00
1.0336000000e+01 4.6978494511e+02 2.2952809268e+00
1.0334000000e+01 4.7049958829e+02 2.2949544790e+00
1.0331000000e+01 4.7121447335e+02 2.2943503490e+00
1.0328000000e+01 4.7192960013e+02 2.2937454573e+00
1.0326000000e+01 4.7264496847e+02 2.2934161658e+00
1.0323000000e+01 4.7336057820e+02 2.2928096299e+00
1.0321000000e+01 4.7407642916e+02 2.2924784136e+00
1.0318000000e+01 4.7479252119e+02 2.2918702511e+00
1.0315000000e+01 4.7550885412e+02 2.2912613481e+00
1.0313000000e+01 4.7622542780e+02 2.2909273569e+00
1.0310000000e+01 4.7694224206e+02 2.2903168532e+00
1.0307000000e+01 4.7765929674e+02 2.2897056214e+00
1.0305000000e+01 4.7837659168e+02 2.2893688957e+00
1.0302000000e+01 4.7909412672e+02 2.2887560888e+00
1.0300000000e+01 4.7981190169e+02 2.2884175109e+00
1.0297000000e+01 4.8052991645e+02 2.2878031458e+00
