0.0000000000e+00 -1.2105895107e+01 0.0000000000e+00
0.0000000000e+00 -1.1685437667e+01 0.0000000000e+00
0.0000000000e+00 -1.1264282370e+01 0.0000000000e+00
0.0000000000e+00 -1.0842431521e+01 0.0000000000e+00
0.0000000000e+00 -1.0419887407e+01 0.0000000000e+00
0.0000000000e+00 -9.9966522937e+00 0.0000000000e+00
0.0000000000e+00 -9.5727284316e+00 0.0000000000e+00
0.0000000000e+00 -9.1481180510e+00 0.0000000000e+00
0.0000000000e+00 -8.7228233647e+00 0.0000000000e+00
0.0000000000e+00 -8.2968465679e+00 0.0000000000e+00
0.0000000000e+00 -7.8701898379e+00 0.0000000000e+00
0.0000000000e+00 -7.4428553352e+00 0.0000000000e+00
0.0000000000e+00 -7.0148452028e+00 0.0000000000e+00
0.0000000000e+00 -6.5861615671e+00 0.0000000000e+00
0.0000000000e+00 -6.1568065377e+00 0.0000000000e+00
0.0000000000e+00 -5.7267822078e+00 0.0000000000e+00
0.0000000000e+00 -5.2960906545e+00 0.0000000000e+00
0.0000000000e+00 -4.8647339386e+00 0.0000000000e+00
0.0000000000e+00 -4.4327141052e+00 0.0000000000e+00
0.0000000000e+00 -4.0000331839e+00 0.0000000000e+00
0.0000000000e+00 -3.5666931885e+00 0.0000000000e+00
0.0000000000e+00 -3.1326961178e+00 0.0000000000e+00
0.0000000000e+00 -2.6980439555e+00 0.0000000000e+00
0.0000000000e+00 -2.2627386703e+00 0.0000000000e+00
0.0000000000e+00 -1.8267822161e+00 0.0000000000e+00
0.0000000000e+00 -1.3901765325e+00 0.0000000000e+00
0.0000000000e+00 -9.5292354447e-01 0.0000000000e+00
0.0000000000e+00 -5.1502516297e-01 0.0000000000e+00
0.0000000000e+00 -7.6483284794e-02 0.0000000000e+00
1.2010000000e+00 3.6270020709e-01 1.9593058264e-03
1.7780000000e+00 8.0252344345e-01 6.3657971334e-03
2.2030000000e+00 1.2429845686e+00 1.2127981900e-02
2.5520000000e+00 1.6840817402e+00 1.8884562371e-02
2.8550000000e+00 2.1258131293e+00 2.6485702274e-02
3.1240000000e+00 2.5681769199e+00 3.4758672053e-02
3.3680000000e+00 3.0111713089e+00 4.3630042582e-02
3.5920000000e+00 3.4547945063e+00 5.3017507092e-02
3.8000000000e+00 3.8990447343e+00 6.2878283655e-02
3.9930000000e+00 4.3439202280e+00 7.3079254580e-02
4.1750000000e+00 4.7894192347e+00 8.3677254486e-02
4.3470000000e+00 5.2355400140e+00 9.4612067794e-02
4.5090000000e+00 5.6822808374e+00 1.0577016381e-01
4.6630000000e+00 6.1296399885e+00 1.1718247863e-01
4.8100000000e+00 6.5776157629e+00 1.2883780278e-01
4.9510000000e+00 7.0262064677e+00 1.4074198597e-01
5.0850000000e+00 7.4754104215e+00 1.5274287626e-01
5.2140000000e+00 7.9252259545e+00 1.6494531495e-01
5.3380000000e+00 8.3756514081e+00 1.7729645353e-01
5.4570000000e+00 8.8266851352e+00 1.8974276928e-01
5.5720000000e+00 9.2783254993e+00 2.0233545032e-01
5.6830000000e+00 9.7305708752e+00 2.1503314581e-01
5.7900000000e+00 1.0183419648e+01 2.2779419005e-01
5.8940000000e+00 1.0636870215e+01 2.4069434342e-01
5.9940000000e+00 1.1090920983e+01 2.5358230940e-01
6.0910000000e+00 1.1545570368e+01 2.6654181274e-01
6.1850000000e+00 1.2000816799e+01 2.7954297636e-01
6.2760000000e+00 1.2456658714e+01 2.9255589539e-01
6.3640000000e+00 1.2913094561e+01 3.0555072534e-01
6.4500000000e+00 1.3370122798e+01 3.1863855154e-01
6.5340000000e+00 1.3827741894e+01 3.3180084686e-01
6.6150000000e+00 1.4285950326e+01 3.4487088156e-01
6.6940000000e+00 1.4744746583e+01 3.5797096022e-01
6.7710000000e+00 1.5204129162e+01 3.7108256545e-01
6.8460000000e+00 1.5664096571e+01 3.8418721622e-01
6.9190000000e+00 1.6124647326e+01 3.9726650120e-01
6.9900000000e+00 1.6585779952e+01 4.1030211051e-01
7.0590000000e+00 1.7047492986e+01 4.2327586608e-01
7.1270000000e+00 1.7509784971e+01 4.3634163997e-01
7.1930000000e+00 1.7972654461e+01 4.4931606993e-01
7.2580000000e+00 1.8436100019e+01 4.6235960648e-01
7.3200000000e+00 1.8900120216e+01 4.7510121419e-01
7.3820000000e+00 1.9364713633e+01 4.8806747013e-01
7.4420000000e+00 1.9829878857e+01 5.0088442961e-01
7.5000000000e+00 2.0295614488e+01 5.1353491794e-01
7.5580000000e+00 2.0761919130e+01 5.2638863696e-01
7.6140000000e+00 2.1228791400e+01 5.3905381651e-01
7.6690000000e+00 2.1696229919e+01 5.5171283827e-01
7.7220000000e+00 2.2164233320e+01 5.6415588536e-01
7.7750000000e+00 2.2632800242e+01 5.7677589494e-01
7.8260000000e+00 2.3101929332e+01 5.8915863747e-01
7.8760000000e+00 2.3571619248e+01 6.0149819349e-01
7.9250000000e+00 2.4041868651e+01 6.1378687063e-01
7.9730000000e+00 2.4512676216e+01 6.2601703982e-01
8.0200000000e+00 2.4984040620e+01 6.3818114073e-01
8.0670000000e+00 2.5455960552e+01 6.5049190398e-01
8.1120000000e+00 2.5928434707e+01 6.6250395454e-01
8.1560000000e+00 2.6401461788e+01 6.7442767870e-01
8.2000000000e+00 2.6875040504e+01 6.8648337784e-01
8.2420000000e+00 2.7349169574e+01 6.9821117747e-01
8.2840000000e+00 2.7823847724e+01 7.1006140877e-01
8.3250000000e+00 2.8299073685e+01 7.2179946133e-01
8.3650000000e+00 2.8774846198e+01 7.3341836489e-01
8.4040000000e+00 2.9251164009e+01 7.4491125530e-01
8.4430000000e+00 2.9728025874e+01 7.5651260278e-01
8.4810000000e+00 3.0205430553e+01 7.6797884538e-01
8.5180000000e+00 3.0683376816e+01 7.7930332599e-01
8.5540000000e+00 3.1161863436e+01 7.9047950484e-01
8.5900000000e+00 3.1640889198e+01 8.0175066035e-01
8.6250000000e+00 3.2120452889e+01 8.1286483461e-01
8.6590000000e+00 3.2600553305e+01 8.2381572203e-01
8.6930000000e+00 3.3081189250e+01 8.3485286864e-01
8.7260000000e+00 3.3562359533e+01 8.4571835171e-01
8.7590000000e+00 3.4044062969e+01 8.5666573296e-01
8.7900000000e+00 3.4526298381e+01 8.6717171271e-01
8.8220000000e+00 3.5009064598e+01 8.7801491330e-01
8.8530000000e+00 3.5492360454e+01 8.8867021562e-01
8.8830000000e+00 3.5976184793e+01 8.9913182874e-01
8.9120000000e+00 3.6460536461e+01 9.0939409857e-01
8.9420000000e+00 3.6945414313e+01 9.1999262896e-01
8.9700000000e+00 3.7430817209e+01 9.3011543128e-01
8.9980000000e+00 3.7916744017e+01 9.4029995322e-01
9.0260000000e+00 3.8403193608e+01 9.5054594198e-01
9.0530000000e+00 3.8890164862e+01 9.6057574469e-01
9.0800000000e+00 3.9377656662e+01 9.7066314156e-01
9.1060000000e+00 3.9865667901e+01 9.8052722366e-01
9.1320000000e+00 4.0354197474e+01 9.9044512533e-01
9.1570000000e+00 4.0843244284e+01 1.0001327850e+00
9.1820000000e+00 4.1332807239e+01 1.0098705921e+00
9.2060000000e+00 4.1822885253e+01 1.0193714357e+00
9.2300000000e+00 4.2313477246e+01 1.0289188608e+00
9.2540000000e+00 4.2804582143e+01 1.0385126089e+00
9.2770000000e+00 4.3296198874e+01 1.0478611305e+00
9.3000000000e+00 4.3788326377e+01 1.0572525183e+00
9.3220000000e+00 4.4280963593e+01 1.0663923915e+00
9.3440000000e+00 4.4774109470e+01 1.0755717877e+00
9.3660000000e+00 4.5267762960e+01 1.0847904552e+00
9.3870000000e+00 4.5761923022e+01 1.0937499008e+00
9.4080000000e+00 4.6256588619e+01 1.1027453930e+00
9.4290000000e+00 4.6751758720e+01 1.1117766837e+00
9.4490000000e+00 4.7247432299e+01 1.1205413392e+00
9.4690000000e+00 4.7743608335e+01 1.1293386912e+00
9.4880000000e+00 4.8240285814e+01 1.1378638054e+00
9.5080000000e+00 4.8737463723e+01 1.1467245552e+00
9.5270000000e+00 4.9235141059e+01 1.1553100913e+00
9.5450000000e+00 4.9733316820e+01 1.1636165149e+00
9.5630000000e+00 5.0231990011e+01 1.1719495642e+00
9.5810000000e+00 5.0731159642e+01 1.1803090168e+00
9.5990000000e+00 5.1230824727e+01 1.1886946475e+00
9.6170000000e+00 5.1730984286e+01 1.1971062284e+00
9.6340000000e+00 5.2231637343e+01 1.2052294116e+00
9.6500000000e+00 5.2732782927e+01 1.2130606512e+00
9.6670000000e+00 5.3234420071e+01 1.2212290013e+00
9.6830000000e+00 5.3736547815e+01 1.2291028238e+00
9.6990000000e+00 5.4239165201e+01 1.2369971001e+00
9.7150000000e+00 5.4742271277e+01 1.2449116250e+00
9.7300000000e+00 5.5245865096e+01 1.2525257588e+00
9.7460000000e+00 5.5749945715e+01 1.2604791262e+00
9.7610000000e+00 5.6254512196e+01 1.2681296683e+00
9.7750000000e+00 5.6759563603e+01 1.2754742227e+00
9.7900000000e+00 5.7265099009e+01 1.2831584175e+00
9.8040000000e+00 5.7771117488e+01 1.2905343243e+00
9.8180000000e+00 5.8277618119e+01 1.2979251630e+00
9.8320000000e+00 5.8784599987e+01 1.3053307516e+00
9.8450000000e+00 5.9292062179e+01 1.3124228554e+00
9.8590000000e+00 5.9800003788e+01 1.3198564807e+00
9.8720000000e+00 6.0308423910e+01 1.3269744731e+00
9.8850000000e+00 6.0817321647e+01 1.3341047154e+00
9.8980000000e+00 6.1326696103e+01 1.3412470375e+00
9.9100000000e+00 6.1836546389e+01 1.3480688874e+00
9.9220000000e+00 6.2346871617e+01 1.3549008118e+00
9.9340000000e+00 6.2857670905e+01 1.3617426557e+00
9.9460000000e+00 6.3368943375e+01 1.3685942633e+00
9.9580000000e+00 6.3880688153e+01 1.3754554780e+00
9.9690000000e+00 6.4392904368e+01 1.3819897783e+00
9.9810000000e+00 6.4905591154e+01 1.3888689490e+00
9.9920000000e+00 6.5418747649e+01 1.3954193614e+00
1.0003000000e+01 6.5932372995e+01 1.4019772379e+00
1.0014000000e+01 6.6446466337e+01 1.4085424358e+00
1.0024000000e+01 6.6961026825e+01 1.4147747385e+00
1.0034000000e+01 6.7476053611e+01 1.4210126581e+00
1.0045000000e+01 6.7991545854e+01 1.4275975223e+00
1.0055000000e+01 6.8507502714e+01 1.4338469762e+00
1.0065000000e+01 6.9023923356e+01 1.4401016589e+00
1.0074000000e+01 6.9540806948e+01 1.4460179567e+00
1.0084000000e+01 7.0058152663e+01 1.4522820461e+00
1.0093000000e+01 7.0575959676e+01 1.4582062030e+00
1.0103000000e+01 7.1094227168e+01 1.4644792054e+00
1.0112000000e+01 7.1612954320e+01 1.4704107486e+00
1.0121000000e+01 7.2132140320e+01 1.4763454999e+00
1.0129000000e+01 7.2651784359e+01 1.4819360986e+00
1.0138000000e+01 7.3171885630e+01 1.4878763223e+00
1.0147000000e+01 7.3692443331e+01 1.4938194183e+00
1.0155000000e+01 7.4213456663e+01 1.4994162606e+00
1.0163000000e+01 7.4734924829e+01 1.5050146013e+00
1.0171000000e+01 7.5256847040e+01 1.5106143417e+00
1.0179000000e+01 7.5779222504e+01 1.5162153833e+00
1.0187000000e+01 7.6302050438e+01 1.5218176271e+00
1.0195000000e+01 7.6825330060e+01 1.5274209744e+00
1.0202000000e+01 7.7349060591e+01 1.5326730682e+00
1.0210000000e+01 7.7873241256e+01 1.5382777981e+00
1.0217000000e+01 7.8397871283e+01 1.5435300586e+00
1.0224000000e+01 7.8922949904e+01 1.5487820239e+00
1.0231000000e+01 7.9448476353e+01 1.5540336101e+00
1.0238000000e+01 7.9974449870e+01 1.5592847335e+00
1.0245000000e+01 8.0500869694e+01 1.5645353100e+00
1.0251000000e+01 8.1027735071e+01 1.5694295971e+00
1.0258000000e+01 8.1555045248e+01 1.5746783624e+00
1.0264000000e+01 8.2082799476e+01 1.5795697738e+00
1.0271000000e+01 8.2610997009e+01 1.5848164124e+00
1.0277000000e+01 8.3139637104e+01 1.5897046519e+00
1.0283000000e+01 8.3668719022e+01 1.5945909838e+00
1.0289000000e+01 8.4198242025e+01 1.5994753389e+00
1.0295000000e+01 8.4728205381e+01 1.6043576480e+00
1.0301000000e+01 8.5258608358e+01 1.6092378422e+00
1.0306000000e+01 8.5789450229e+01 1.6137563714e+00
1.0312000000e+01 8.6320730269e+01 1.6186317303e+00
1.0317000000e+01 8.6852447758e+01 1.6231445225e+00
1.0323000000e+01 8.7384601975e+01 1.6280147899e+00
1.0328000000e+01 8.7917192207e+01 1.6325216070e+00
1.0333000000e+01 8.8450217739e+01 1.6370251689e+00
1.0338000000e+01 8.8983677862e+01 1.6415254210e+00
1.0343000000e+01 8.9517571870e+01 1.6460223084e+00
1.0348000000e+01 9.0051899057e+01 1.6505157766e+00
1.0353000000e+01 9.0586658723e+01 1.6550057714e+00
1.0358000000e+01 9.1121850170e+01 1.6594922385e+00
1.0362000000e+01 9.1657472702e+01 1.6636117339e+00
1.0367000000e+01 9.2193525625e+01 1.6680906560e+00
1.0371000000e+01 9.2730008251e+01 1.6722018743e+00
1.0375000000e+01 9.3266919892e+01 1.6763087374e+00
1.0380000000e+01 9.3804259863e+01 1.6807758136e+00
1.0384000000e+01 9.4342027482e+01 1.6848741325e+00
1.0388000000e+01 9.4880222071e+01 1.6889679694e+00
1.0392000000e+01 9.5418842953e+01 1.6930572837e+00
1.0396000000e+01 9.5957889454e+01 1.6971420348e+00
1.0400000000e+01 9.6497360903e+01 1.7012221825e+00
1.0403000000e+01 9.7037256633e+01 1.7049313983e+00
1.0407000000e+01 9.7577575976e+01 1.7090019528e+00
1.0411000000e+01 9.8118318271e+01 1.7130677881e+00
1.0414000000e+01 9.8659482855e+01 1.7167618092e+00
1.0418000000e+01 9.9201069072e+01 1.7208178326e+00
1.0421000000e+01 9.9743076265e+01 1.7245014813e+00
1.0425000000e+01 1.0028550378e+02 1.7285475515e+00
1.0428000000e+01 1.0082835097e+02 1.7322207017e+00
1.0431000000e+01 1.0137161719e+02 1.7358884457e+00
1.0434000000e+01 1.0191530179e+02 1.7395507560e+00
1.0437000000e+01 1.0245940412e+02 1.7432076054e+00
1.0440000000e+01 1.0300392355e+02 1.7468589668e+00
1.0443000000e+01 1.0354885944e+02 1.7505048135e+00
1.0446000000e+01 1.0409421115e+02 1.7541451186e+00
1.0449000000e+01 1.0463997805e+02 1.7577798558e+00
1.0451000000e+01 1.0518615952e+02 1.7610393373e+00
1.0454000000e+01 1.0573275491e+02 1.7646626667e+00
1.0456000000e+01 1.0627976361e+02 1.7679103271e+00
1.0459000000e+01 1.0682718498e+02 1.7715221586e+00
1.0461000000e+01 1.0737501842e+02 1.7747579214e+00
1.0464000000e+01 1.0792326330e+02 1.7783581661e+00
1.0466000000e+01 1.0847191901e+02 1.7815819562e+00
1.0468000000e+01 1.0902098492e+02 1.7847996542e+00
1.0471000000e+01 1.0957046043e+02 1.7883822704e+00
1.0473000000e+01 1.1012034493e+02 1.7915878887e+00
1.0475000000e+01 1.1067063782e+02 1.7947873667e+00
1.0477000000e+01 1.1122133847e+02 1.7979806899e+00
1.0479000000e+01 1.1177244630e+02 1.8011678437e+00
1.0481000000e+01 1.1232396071e+02 1.8043488138e+00
1.0483000000e+01 1.1287588108e+02 1.8075235859e+00
1.0484000000e+01 1.1342820683e+02 1.8103201341e+00
1.0486000000e+01 1.1398093737e+02 1.8134823396e+00
1.0488000000e+01 1.1453407209e+02 1.8166383085e+00
1.0490000000e+01 1.1508761042e+02 1.8197880273e+00
1.0491000000e+01 1.1564155176e+02 1.8225589880e+00
1.0493000000e+01 1.1619589553e+02 1.8256960496e+00
1.0494000000e+01 1.1675064114e+02 1.8284541129e+00
1.0496000000e+01 1.1730578801e+02 1.8315784765e+00
1.0497000000e+01 1.1786133557e+02 1.8343236135e+00
1.0499000000e+01 1.1841728324e+02 1.8374352398e+00
1.0500000000e+01 1.1897363043e+02 1.8401674228e+00
1.0501000000e+01 1.1953037659e+02 1.8428930754e+00
1.0502000000e+01 1.2008752113e+02 1.8456121939e+00
1.0503000000e+01 1.2064506349e+02 1.8483247744e+00
1.0505000000e+01 1.2120300310e+02 1.8514042553e+00
1.0506000000e+01 1.2176133940e+02 1.8541038253e+00
1.0507000000e+01 1.2232007183e+02 1.8567968442e+00
1.0508000000e+01 1.2287919981e+02 1.8594833088e+00
1.0509000000e+01 1.2343872280e+02 1.8621632161e+00
1.0510000000e+01 1.2399864024e+02 1.8648365629e+00
1.0510000000e+01 1.2455895157e+02 1.8671294855e+00
1.0511000000e+01 1.2511965624e+02 1.8697896420e+00
1.0512000000e+01 1.2568075369e+02 1.8724432323e+00
1.0513000000e+01 1.2624224339e+02 1.8750902539e+00
1.0514000000e+01 1.2680412478e+02 1.8777307044e+00
1.0514000000e+01 1.2736639731e+02 1.8799904516e+00
1.0515000000e+01 1.2792906045e+02 1.8826177044e+00
1.0515000000e+01 1.2849211365e+02 1.8848641679e+00
1.0516000000e+01 1.2905555637e+02 1.8874782246e+00
1.0517000000e+01 1.2961938807e+02 1.8900857049e+00
1.0517000000e+01 1.3018360822e+02 1.8923122784e+00
1.0517000000e+01 1.3074821628e+02 1.8945322087e+00
1.0518000000e+01 1.3131321173e+02 1.8971198810e+00
1.0518000000e+01 1.3187859403e+02 1.8993265631e+00
1.0519000000e+01 1.3244436265e+02 1.9019010490e+00
1.0519000000e+01 1.3301051706e+02 1.9040944964e+00
1.0519000000e+01 1.3357705675e+02 1.9062813237e+00
1.0519000000e+01 1.3414398118e+02 1.9084615366e+00
1.0520000000e+01 1.3471128984e+02 1.9110096439e+00
1.0520000000e+01 1.3527898220e+02 1.9131766554e+00
1.0520000000e+01 1.3584705775e+02 1.9153370681e+00
1.0520000000e+01 1.3641551597e+02 1.9174908881e+00
1.0520000000e+01 1.3698435635e+02 1.9196381214e+00
1.0520000000e+01 1.3755357838e+02 1.9217787743e+00
1.0520000000e+01 1.3812318153e+02 1.9239128531e+00
1.0520000000e+01 1.3869316532e+02 1.9260403640e+00
1.0520000000e+01 1.3926352921e+02 1.9281613136e+00
1.0520000000e+01 1.3983427272e+02 1.9302757084e+00
1.0520000000e+01 1.4040539533e+02 1.9323835548e+00
1.0520000000e+01 1.4097689655e+02 1.9344848596e+00
1.0519000000e+01 1.4154877587e+02 1.9362051381e+00
1.0519000000e+01 1.4212103279e+02 1.9382933935e+00
1.0519000000e+01 1.4269366681e+02 1.9403751296e+00
1.0519000000e+01 1.4326667745e+02 1.9424503533e+00
1.0518000000e+01 1.4384006420e+02 1.9441446529e+00
1.0518000000e+01 1.4441382657e+02 1.9462068939e+00
1.0518000000e+01 1.4498796407e+02 1.9482626458e+00
1.0517000000e+01 1.4556247622e+02 1.9499375718e+00
1.0517000000e+01 1.4613736252e+02 1.9519803933e+00
1.0516000000e+01 1.4671262248e+02 1.9536424664e+00
1.0516000000e+01 1.4728825563e+02 1.9556723940e+00
1.0515000000e+01 1.4786426147e+02 1.9573216577e+00
1.0515000000e+01 1.4844063954e+02 1.9593387286e+00
1.0514000000e+01 1.4901738934e+02 1.9609752268e+00
1.0514000000e+01 1.4959451040e+02 1.9629794784e+00
1.0513000000e+01 1.5017200224e+02 1.9646032554e+00
1.0513000000e+01 1.5074986438e+02 1.9665947258e+00
1.0512000000e+01 1.5132809636e+02 1.9682058262e+00
1.0511000000e+01 1.5190669770e+02 1.9698106296e+00
1.0511000000e+01 1.5248566792e+02 1.9717830225e+00
1.0510000000e+01 1.5306500657e+02 1.9733752185e+00
1.0509000000e+01 1.5364471316e+02 1.9749611544e+00
1.0508000000e+01 1.5422478724e+02 1.9765408431e+00
1.0508000000e+01 1.5480522834e+02 1.9784879607e+00
1.0507000000e+01 1.5538603600e+02 1.9800551362e+00
1.0506000000e+01 1.5596720975e+02 1.9816161019e+00
1.0505000000e+01 1.5654874913e+02 1.9831708708e+00
1.0504000000e+01 1.5713065369e+02 1.9847194558e+00
1.0504000000e+01 1.5771292296e+02 1.9866352358e+00
1.0503000000e+01 1.5829555650e+02 1.9881714278e+00
1.0502000000e+01 1.5887855384e+02 1.9897014738e+00
1.0501000000e+01 1.5946191453e+02 1.9912253869e+00
1.0500000000e+01 1.6004563812e+02 1.9927431803e+00
1.0499000000e+01 1.6062972415e+02 1.9942548672e+00
1.0498000000e+01 1.6121417219e+02 1.9957604607e+00
1.0497000000e+01 1.6179898178e+02 1.9972599740e+00
1.0496000000e+01 1.6238415248e+02 1.9987534205e+00
1.0495000000e+01 1.6296968383e+02 2.0002408132e+00
1.0494000000e+01 1.6355557540e+02 2.0017221656e+00
1.0492000000e+01 1.6414182675e+02 2.0028249094e+00
1.0491000000e+01 1.6472843742e+02 2.0042943001e+00
1.0490000000e+01 1.6531540700e+02 2.0057576916e+00
1.0489000000e+01 1.6590273502e+02 2.0072150973e+00
1.0488000000e+01 1.6649042107e+02 2.0086665305e+00
1.0487000000e+01 1.6707846469e+02 2.0101120045e+00
1.0486000000e+01 1.6766686547e+02 2.0115515329e+00
1.0484000000e+01 1.6825562295e+02 2.0126131299e+00
1.0483000000e+01 1.6884473673e+02 2.0140408950e+00
1.0482000000e+01 1.6943420635e+02 2.0154627558e+00
1.0481000000e+01 1.7002403140e+02 2.0168787259e+00
1.0479000000e+01 1.7061421144e+02 2.0179171793e+00
1.0478000000e+01 1.7120474605e+02 2.0193215009e+00
1.0477000000e+01 1.7179563481e+02 2.0207199732e+00
1.0475000000e+01 1.7238687729e+02 2.0217412526e+00
1.0474000000e+01 1.7297847306e+02 2.0231281632e+00
1.0473000000e+01 1.7357042171e+02 2.0245092663e+00
1.0471000000e+01 1.7416272281e+02 2.0255135100e+00
1.0470000000e+01 1.7475537595e+02 2.0268831382e+00
1.0468000000e+01 1.7534838071e+02 2.0278761351e+00
1.0467000000e+01 1.7594173668e+02 2.0292343471e+00
1.0465000000e+01 1.7653544342e+02 2.0302161598e+00
1.0464000000e+01 1.7712950055e+02 2.0315630142e+00
1.0462000000e+01 1.7772390763e+02 2.0325337056e+00
1.0461000000e+01 1.7831866426e+02 2.0338692610e+00
1.0459000000e+01 1.7891377003e+02 2.0348288936e+00
1.0458000000e+01 1.7950922453e+02 2.0361532086e+00
1.0456000000e+01 1.8010502734e+02 2.0371018449e+00
1.0455000000e+01 1.8070117808e+02 2.0384149783e+00
1.0453000000e+01 1.8129767632e+02 2.0393526808e+00
1.0452000000e+01 1.8189452166e+02 2.0406546909e+00
1.0450000000e+01 1.8249171371e+02 2.0415815220e+00
1.0449000000e+01 1.8308925206e+02 2.0428724675e+00
1.0447000000e+01 1.8368713630e+02 2.0437884895e+00
1.0445000000e+01 1.8428536604e+02 2.0446991872e+00
1.0444000000e+01 1.8488394088e+02 2.0459737038e+00
1.0442000000e+01 1.8548286042e+02 2.0468736865e+00
1.0440000000e+01 1.8608212427e+02 2.0477683931e+00
1.0439000000e+01 1.8668173203e+02 2.0490266153e+00
1.0437000000e+01 1.8728168331e+02 2.0499107007e+00
1.0435000000e+01 1.8788197771e+02 2.0507895581e+00
1.0434000000e+01 1.8848261484e+02 2.0520316199e+00
1.0432000000e+01 1.8908359431e+02 2.0528999496e+00
1.0430000000e+01 1.8968491573e+02 2.0537630993e+00
1.0428000000e+01 1.9028657872e+02 2.0546210851e+00
1.0427000000e+01 1.9088858288e+02 2.0558418497e+00
1.0425000000e+01 1.9149092783e+02 2.0566894326e+00
1.0423000000e+01 1.9209361319e+02 2.0575318992e+00
1.0421000000e+01 1.9269663856e+02 2.0583692657e+00
1.0420000000e+01 1.9330000358e+02 2.0595689726e+00
1.0418000000e+01 1.9390370784e+02 2.0603960604e+00
1.0416000000e+01 1.9450775099e+02 2.0612180954e+00
1.0414000000e+01 1.9511213262e+02 2.0620350936e+00
1.0412000000e+01 1.9571685237e+02 2.0628470709e+00
1.0410000000e+01 1.9632190986e+02 2.0636540434e+00
1.0409000000e+01 1.9692730472e+02 2.0648226778e+00
1.0407000000e+01 1.9753303655e+02 2.0656195574e+00
1.0405000000e+01 1.9813910500e+02 2.0664114790e+00
1.0403000000e+01 1.9874550969e+02 2.0671984586e+00
1.0401000000e+01 1.9935225024e+02 2.0679805118e+00
1.0399000000e+01 1.9995932629e+02 2.0687576545e+00
1.0397000000e+01 2.0056673746e+02 2.0695299024e+00
1.0395000000e+01 2.0117448338e+02 2.0702972713e+00
1.0393000000e+01 2.0178256369e+02 2.0710597768e+00
1.0392000000e+01 2.0239097802e+02 2.0721828805e+00
1.0390000000e+01 2.0299972600e+02 2.0729355697e+00
1.0388000000e+01 2.0360880726e+02 2.0736834417e+00
1.0386000000e+01 2.0421822145e+02 2.0744265123e+00
1.0384000000e+01 2.0482796820e+02 2.0751647970e+00
1.0382000000e+01 2.0543804714e+02 2.0758983112e+00
1.0380000000e+01 2.0604845792e+02 2.0766270706e+00
1.0378000000e+01 2.0665920018e+02 2.0773510905e+00
1.0376000000e+01 2.0727027355e+02 2.0780703864e+00
1.0374000000e+01 2.0788167768e+02 2.0787849738e+00
1.0372000000e+01 2.0849341220e+02 2.0794948679e+00
1.0370000000e+01 2.0910547677e+02 2.0802000843e+00
1.0368000000e+01 2.0971787103e+02 2.0809006381e+00
1.0366000000e+01 2.1033059462e+02 2.0815965446e+00
1.0364000000e+01 2.1094364719e+02 2.0822878193e+00
1.0361000000e+01 2.1155702838e+02 2.0826111416e+00
1.0359000000e+01 2.1217073785e+02 2.0832933432e+00
1.0357000000e+01 2.1278477525e+02 2.0839709589e+00
1.0355000000e+01 2.1339914022e+02 2.0846440039e+00
1.0353000000e+01 2.1401383241e+02 2.0853124934e+00
1.0351000000e+01 2.1462885148e+02 2.0859764424e+00
1.0349000000e+01 2.1524419708e+02 2.0866358659e+00
1.0347000000e+01 2.1585986887e+02 2.0872907789e+00
1.0345000000e+01 2.1647586649e+02 2.0879411966e+00
1.0343000000e+01 2.1709218961e+02 2.0885871337e+00
1.0341000000e+01 2.1770883788e+02 2.0892286052e+00
1.0338000000e+01 2.1832581095e+02 2.0895039081e+00
1.0336000000e+01 2.1894310850e+02 2.0901366438e+00
1.0334000000e+01 2.1956073017e+02 2.0907649589e+00
1.0332000000e+01 2.2017867562e+02 2.0913888682e+00
1.0330000000e+01 2.2079694452e+02 2.0920083866e+00
1.0328000000e+01 2.2141553653e+02 2.0926235287e+00
1.0325000000e+01 2.2203445132e+02 2.0928734940e+00
1.0323000000e+01 2.2265368854e+02 2.0934800810e+00
1.0321000000e+01 2.2327324785e+02 2.0940823361e+00
1.0319000000e+01 2.2389312894e+02 2.0946802740e+00
1.0317000000e+01 2.2451333145e+02 2.0952739093e+00
1.0315000000e+01 2.2513385507e+02 2.0958632564e+00
1.0312000000e+01 2.2575469945e+02 2.0960884324e+00
1.0310000000e+01 2.2637586427e+02 2.0966694026e+00
1.0308000000e+01 2.2699734919e+02 2.0972461284e+00
1.0306000000e+01 2.2761915389e+02 2.0978186242e+00
1.0303000000e+01 2.2824127804e+02 2.0980276239e+00
1.0301000000e+01 2.2886372131e+02 2.0985918604e+00
1.0299000000e+01 2.2948648337e+02 2.0991519103e+00
1.0297000000e+01 2.3010956389e+02 2.0997077879e+00
1.0295000000e+01 2.3073296256e+02 2.1002595075e+00
1.0292000000e+01 2.3135667905e+02 2.1004485840e+00
1.0290000000e+01 2.3198071303e+02 2.1009921893e+00
1.0288000000e+01 2.3260506418e+02 2.1015316794e+00
1.0286000000e+01 2.3322973218e+02 2.1020670684e+00
1.0283000000e+01 2.3385471671e+02 2.1022405006e+00
1.0281000000e+01 2.3448001745e+02 2.1027678902e+00
1.0279000000e+01 2.3510563407e+02 2.1032912211e+00
1.0276000000e+01 2.3573156627e+02 2.1034531105e+00
1.0274000000e+01 2.3635781371e+02 2.1039685276e+00
1.0272000000e+01 2.3698437610e+02 2.1044799281e+00
1.0270000000e+01 2.3761125309e+02 2.1049873258e+00
1.0267000000e+01 2.3823844440e+02 2.1051339762e+00
1.0265000000e+01 2.3886594969e+02 2.1056335728e+00
1.0263000000e+01 2.3949376865e+02 2.1061292085e+00
1.0260000000e+01 2.4012190098e+02 2.1062646174e+00
1.0258000000e+01 2.4075034635e+02 2.1067525359e+00
1.0256000000e+01 2.4137910447e+02 2.1072365347e+00
1.0253000000e+01 2.4200817501e+02 2.1073608296e+00
1.0251000000e+01 2.4263755766e+02 2.1078371945e+00
1.0249000000e+01 2.4326725212e+02 2.1083096807e+00
1.0246000000e+01 2.4389725808e+02 2.1084229879e+00
1.0244000000e+01 2.4452757524e+02 2.1088879227e+00
1.0242000000e+01 2.4515820327e+02 2.1093490196e+00
1.0239000000e+01 2.4578914189e+02 2.1094514642e+00
1.0237000000e+01 2.4642039077e+02 2.1099050915e+00
1.0235000000e+01 2.4705194963e+02 2.1103549213e+00
1.0232000000e+01 2.4768381814e+02 2.1104466273e+00
1.0230000000e+01 2.4831599602e+02 2.1108890688e+00
1.0228000000e+01 2.4894848296e+02 2.1113277527e+00
1.0225000000e+01 2.4958127865e+02 2.1114088430e+00
1.0223000000e+01 2.5021438280e+02 2.1118402191e+00
1.0221000000e+01 2.5084779510e+02 2.1122678773e+00
1.0218000000e+01 2.5148151526e+02 2.1123384738e+00
1.0216000000e+01 2.5211554297e+02 2.1127589040e+00
1.0213000000e+01 2.5274987794e+02 2.1128226239e+00
1.0211000000e+01 2.5338451988e+02 2.1132358790e+00
1.0209000000e+01 2.5401946848e+02 2.1136454818e+00
1.0206000000e+01 2.5465472344e+02 2.1136989086e+00
1.0204000000e+01 2.5529028448e+02 2.1141014149e+00
1.0202000000e+01 2.5592615130e+02 2.1145003077e+00
1.0199000000e+01 2.5656232361e+02 2.1145435603e+00
1.0197000000e+01 2.5719880110e+02 2.1149354346e+00
1.0194000000e+01 2.5783558350e+02 2.1149720223e+00
1.0192000000e+01 2.5847267050e+02 2.1153569299e+00
1.0190000000e+01 2.5911006182e+02 2.1157382880e+00
1.0187000000e+01 2.5974775717e+02 2.1157648972e+00
1.0185000000e+01 2.6038575625e+02 2.1161393654e+00
1.0182000000e+01 2.6102405878e+02 2.1161594394e+00
1.0180000000e+01 2.6166266447e+02 2.1165270686e+00
1.0178000000e+01 2.6230157303e+02 2.1168912114e+00
1.0175000000e+01 2.6294078418e+02 2.1169014996e+00
1.0173000000e+01 2.6358029763e+02 2.1172588791e+00
1.0170000000e+01 2.6422011309e+02 2.1172627597e+00
1.0168000000e+01 2.6486023028e+02 2.1176134260e+00
1.0165000000e+01 2.6550064891e+02 2.1176109496e+00
1.0163000000e+01 2.6614136871e+02 2.1179549526e+00
1.0161000000e+01 2.6678238938e+02 2.1182955562e+00
1.0158000000e+01 2.6742371065e+02 2.1182835586e+00
1.0156000000e+01 2.6806533223e+02 2.1186175729e+00
1.0153000000e+01 2.6870725385e+02 2.1185993429e+00
1.0151000000e+01 2.6934947522e+02 2.1189268171e+00
1.0148000000e+01 2.6999199606e+02 2.1189024042e+00
1.0146000000e+01 2.7063481610e+02 2.1192233870e+00
1.0144000000e+01 2.7127793506e+02 2.1195410555e+00
1.0141000000e+01 2.7192135265e+02 2.1195073801e+00
1.0139000000e+01 2.7256506861e+02 2.1198186297e+00
1.0136000000e+01 2.7320908265e+02 2.1197788931e+00
1.0134000000e+01 2.7385339450e+02 2.1200837719e+00
1.0131000000e+01 2.7449800389e+02 2.1200380224e+00
1.0129000000e+01 2.7514291054e+02 2.1203365781e+00
1.0126000000e+01 2.7578811417e+02 2.1202848636e+00
1.0124000000e+01 2.7643361452e+02 2.1205771435e+00
1.0122000000e+01 2.7707941131e+02 2.1208662158e+00
1.0119000000e+01 2.7772550427e+02 2.1208055629e+00
1.0117000000e+01 2.7837189313e+02 2.1210884300e+00
1.0114000000e+01 2.7901857761e+02 2.1210219304e+00
1.0112000000e+01 2.7966555745e+02 2.1212986389e+00
1.0109000000e+01 2.8031283238e+02 2.1212263392e+00
1.0107000000e+01 2.8096040213e+02 2.1214969355e+00
1.0104000000e+01 2.8160826643e+02 2.1214188824e+00
1.0102000000e+01 2.8225642501e+02 2.1216834125e+00
1.0099000000e+01 2.8290487761e+02 2.1215996519e+00
1.0097000000e+01 2.8355362395e+02 2.1218581617e+00
1.0094000000e+01 2.8420266379e+02 2.1217687395e+00
1.0092000000e+01 2.8485199684e+02 2.1220212744e+00
1.0090000000e+01 2.8550162284e+02 2.1222707509e+00
1.0087000000e+01 2.8615154154e+02 2.1221728413e+00
1.0085000000e+01 2.8680175266e+02 2.1224164104e+00
1.0082000000e+01 2.8745225595e+02 2.1223129523e+00
1.0080000000e+01 2.8810305113e+02 2.1225506589e+00
1.0077000000e+01 2.8875413796e+02 2.1224416971e+00
1.0075000000e+01 2.8940551617e+02 2.1226735856e+00
1.0072000000e+01 2.9005718550e+02 2.1225591644e+00
1.0070000000e+01 2.9070914568e+02 2.1227852789e+00
1.0067000000e+01 2.9136139647e+02 2.1226654425e+00
1.0065000000e+01 2.9201393759e+02 2.1228858269e+00
1.0062000000e+01 2.9266676880e+02 2.1227606190e+00
1.0060000000e+01 2.9331988984e+02 2.1229753169e+00
1.0057000000e+01 2.9397330044e+02 2.1228447810e+00
1.0055000000e+01 2.9462700035e+02 2.1230538356e+00
1.0052000000e+01 2.9528098933e+02 2.1229180149e+00
1.0050000000e+01 2.9593526710e+02 2.1231214692e+00
1.0047000000e+01 2.9658983341e+02 2.1229804066e+00
1.0045000000e+01 2.9724468802e+02 2.1231783034e+00
1.0042000000e+01 2.9789983067e+02 2.1230320414e+00
1.0040000000e+01 2.9855526110e+02 2.1232244231e+00
1.0037000000e+01 2.9921097907e+02 2.1230730040e+00
1.0035000000e+01 2.9986698431e+02 2.1232599126e+00
1.0033000000e+01 3.0052327659e+02 2.1234440120e+00
1.0030000000e+01 3.0117985564e+02 2.1232848559e+00
1.0028000000e+01 3.0183672122e+02 2.1234635450e+00
1.0025000000e+01 3.0249387308e+02 2.1232993361e+00
1.0023000000e+01 3.0315131097e+02 2.1234726563e+00
1.0020000000e+01 3.0380903464e+02 2.1233034360e+00
1.0018000000e+01 3.0446704384e+02 2.1234714284e+00
1.0015000000e+01 3.0512533832e+02 2.1232972375e+00
1.0013000000e+01 3.0578391785e+02 2.1234599431e+00
1.0010000000e+01 3.0644278216e+02 2.1232808223e+00
1.0008000000e+01 3.0710193102e+02 2.1234382816e+00
1.0005000000e+01 3.0776136418e+02 2.1232542712e+00
1.0003000000e+01 3.0842108140e+02 2.1234065245e+00
1.0000000000e+01 3.0908108242e+02 2.1232176647e+00
9.9980000000e+00 3.0974136702e+02 2.1233647521e+00
9.9950000000e+00 3.1040193493e+02 2.1231710826e+00
9.9930000000e+00 3.1106278593e+02 2.1233130437e+00
9.9900000000e+00 3.1172391976e+02 2.1231146040e+00
9.9880000000e+00 3.1238533619e+02 2.1232514785e+00
9.9850000000e+00 3.1304703498e+02 2.1230483077e+00
9.9830000000e+00 3.1370901588e+02 2.1231801348e+00
9.9800000000e+00 3.1437127865e+02 2.1229722719e+00
9.9780000000e+00 3.1503382306e+02 2.1230990905e+00
9.9750000000e+00 3.1569664886e+02 2.1228865741e+00
9.9730000000e+00 3.1635975582e+02 2.1230084228e+00
9.9700000000e+00 3.1702314369e+02 2.1227912913e+00
9.9680000000e+00 3.1768681225e+02 2.1229082087e+00
9.9650000000e+00 3.1835076125e+02 2.1226865000e+00
9.9630000000e+00 3.1901499046e+02 2.1227985242e+00
9.9600000000e+00 3.1967949963e+02 2.1225722763e+00
9.9580000000e+00 3.2034428855e+02 2.1226794450e+00
9.9550000000e+00 3.2100935696e+02 2.1224486953e+00
9.9530000000e+00 3.2167470463e+02 2.1225510464e+00
9.9500000000e+00 3.2234033134e+02 2.1223158321e+00
9.9480000000e+00 3.2300623684e+02 2.1224134028e+00
9.9450000000e+00 3.2367242090e+02 2.1221737610e+00
9.9430000000e+00 3.2433888330e+02 2.1222665883e+00
9.9410000000e+00 3.2500562380e+02 2.1223569697e+00
9.9380000000e+00 3.2567264216e+02 2.1221106765e+00
9.9360000000e+00 3.2633993815e+02 2.1221963698e+00
9.9330000000e+00 3.2700751155e+02 2.1219457404e+00
9.9310000000e+00 3.2767536213e+02 2.1220267821e+00
9.9280000000e+00 3.2834348964e+02 2.1217718524e+00
9.9260000000e+00 3.2901189388e+02 2.1218482786e+00
9.9230000000e+00 3.2968057460e+02 2.1215890845e+00
9.9210000000e+00 3.3034953157e+02 2.1216609312e+00
9.9180000000e+00 3.3101876458e+02 2.1213975081e+00
9.9160000000e+00 3.3168827339e+02 2.1214648110e+00
9.9130000000e+00 3.3235805777e+02 2.1211971942e+00
9.9110000000e+00 3.3302811750e+02 2.1212599886e+00
9.9080000000e+00 3.3369845235e+02 2.1209882130e+00
9.9060000000e+00 3.3436906210e+02 2.1210465342e+00
9.9030000000e+00 3.3503994652e+02 2.1207706345e+00
9.9010000000e+00 3.3571110539e+02 2.1208245174e+00
9.8980000000e+00 3.3638253848e+02 2.1205445281e+00
9.8960000000e+00 3.3705424556e+02 2.1205940074e+00
9.8930000000e+00 3.3772622643e+02 2.1203099626e+00
9.8910000000e+00 3.3839848084e+02 2.1203550727e+00
9.8880000000e+00 3.3907100858e+02 2.1200670064e+00
9.8860000000e+00 3.3974380944e+02 2.1201077815e+00
9.8830000000e+00 3.4041688318e+02 2.1198157274e+00
9.8810000000e+00 3.4109022958e+02 2.1198522014e+00
9.8790000000e+00 3.4176384843e+02 2.1198864503e+00
9.8760000000e+00 3.4243773950e+02 2.1195883995e+00
9.8740000000e+00 3.4311190258e+02 2.1196183978e+00
9.8710000000e+00 3.4378633744e+02 2.1193164425e+00
9.8690000000e+00 3.4446104387e+02 2.1193422236e+00
9.8660000000e+00 3.4513602164e+02 2.1190363964e+00
9.8640000000e+00 3.4581127055e+02 2.1190579935e+00
9.8610000000e+00 3.4648679037e+02 2.1187483269e+00
9.8590000000e+00 3.4716258088e+02 2.1187657728e+00
9.8560000000e+00 3.4783864187e+02 2.1184522992e+00
9.8540000000e+00 3.4851497313e+02 2.1184656265e+00
9.8510000000e+00 3.4919157443e+02 2.1181483780e+00
9.8490000000e+00 3.4986844556e+02 2.1181576191e+00
9.8460000000e+00 3.5054558631e+02 2.1178366275e+00
9.8440000000e+00 3.5122299646e+02 2.1178418145e+00
9.8420000000e+00 3.5190067580e+02 2.1178448997e+00
9.8390000000e+00 3.5257862411e+02 2.1175182762e+00
9.8370000000e+00 3.5325684118e+02 2.1175173553e+00
9.8340000000e+00 3.5393532680e+02 2.1171870672e+00
9.8320000000e+00 3.5461408075e+02 2.1171821717e+00
9.8290000000e+00 3.5529310283e+02 2.1168482502e+00
9.8270000000e+00 3.5597239282e+02 2.1168394114e+00
9.8240000000e+00 3.5665195051e+02 2.1165018871e+00
9.8220000000e+00 3.5733177569e+02 2.1164891362e+00
9.8190000000e+00 3.5801186815e+02 2.1161480395e+00
9.8170000000e+00 3.5869222768e+02 2.1161314074e+00
9.8150000000e+00 3.5937285407e+02 2.1161127601e+00
9.8120000000e+00 3.6005374711e+02 2.1157662861e+00
9.8100000000e+00 3.6073490659e+02 2.1157438036e+00
9.8070000000e+00 3.6141633231e+02 2.1153938327e+00
9.8050000000e+00 3.6209802405e+02 2.1153675452e+00
9.8020000000e+00 3.6277998161e+02 2.1150141072e+00
9.8000000000e+00 3.6346220478e+02 2.1149840449e+00
9.7970000000e+00 3.6414469336e+02 2.1146271691e+00
9.7950000000e+00 3.6482744714e+02 2.1145933620e+00
9.7930000000e+00 3.6551046590e+02 2.1145576080e+00
9.7900000000e+00 3.6619374946e+02 2.1141955554e+00
9.7880000000e+00 3.6687729760e+02 2.1141561010e+00
9.7850000000e+00 3.6756111012e+02 2.1137906836e+00
9.7830000000e+00 3.6824518680e+02 2.1137475582e+00
9.7800000000e+00 3.6892952746e+02 2.1133788045e+00
9.7780000000e+00 3.6961413189e+02 2.1133320372e+00
9.7750000000e+00 3.7029899988e+02 2.1129599758e+00
9.7730000000e+00 3.7098413122e+02 2.1129095955e+00
9.7710000000e+00 3.7166952573e+02 2.1128573344e+00
9.7680000000e+00 3.7235518319e+02 2.1124802900e+00
9.7660000000e+00 3.7304110341e+02 2.1124244591e+00
9.7630000000e+00 3.7372728617e+02 2.1120441773e+00
9.7610000000e+00 3.7441373130e+02 2.1119848048e+00
9.7580000000e+00 3.7510043857e+02 2.1116013133e+00
9.7560000000e+00 3.7578740780e+02 2.1115384276e+00
9.7540000000e+00 3.7647463877e+02 2.1114737110e+00
9.7510000000e+00 3.7716213130e+02 2.1110853827e+00
9.7490000000e+00 3.7784988519e+02 2.1110171948e+00
9.7460000000e+00 3.7853790023e+02 2.1106257253e+00
9.7440000000e+00 3.7922617623e+02 2.1105540937e+00
9.7410000000e+00 3.7991471299e+02 2.1101595099e+00
9.7390000000e+00 3.8060351031e+02 2.1100844620e+00
9.7370000000e+00 3.8129256800e+02 2.1100076321e+00
9.7340000000e+00 3.8198188586e+02 2.1096083539e+00
9.7320000000e+00 3.8267146369e+02 2.1095281487e+00
9.7290000000e+00 3.8336130129e+02 2.1091258228e+00
9.7270000000e+00 3.8405139848e+02 2.1090422692e+00
9.7250000000e+00 3.8474175506e+02 2.1089569677e+00
9.7220000000e+00 3.8543237082e+02 2.1085500467e+00
9.7200000000e+00 3.8612324559e+02 2.1084614370e+00
9.7170000000e+00 3.8681437915e+02 2.1080515338e+00
9.7150000000e+00 3.8750577133e+02 2.1079596422e+00
9.7130000000e+00 3.8819742192e+02 2.1078660362e+00
9.7100000000e+00 3.8888933073e+02 2.1074516354e+00
9.7080000000e+00 3.8958149758e+02 2.1073547870e+00
9.7050000000e+00 3.9027392226e+02 2.1069374680e+00
9.7030000000e+00 3.9096660459e+02 2.1068374033e+00
9.7010000000e+00 3.9165954438e+02 2.1067356569e+00
9.6980000000e+00 3.9235274143e+02 2.1063139360e+00
9.6960000000e+00 3.9304619555e+02 2.1062090119e+00
9.6930000000e+00 3.9373990655e+02 2.1057844356e+00
9.6910000000e+00 3.9443387425e+02 2.1056763594e+00
9.6890000000e+00 3.9512809845e+02 2.1055666337e+00
9.6860000000e+00 3.9582257896e+02 2.1051377493e+00
9.6840000000e+00 3.9651731560e+02 2.1050249094e+00
9.6810000000e+00 3.9721230817e+02 2.1045932312e+00
9.6790000000e+00 3.9790755649e+02 2.1044773022e+00
9.6770000000e+00 3.9860306037e+02 2.1043597554e+00
9.6740000000e+00 3.9929881962e+02 2.1039238610e+00
9.6720000000e+00 3.9999483405e+02 2.1038032623e+00
9.6700000000e+00 4.0069110348e+02 2.1036810647e+00
9.6670000000e+00 4.0138762772e+02 2.1032410085e+00
9.6650000000e+00 4.0208440659e+02 2.1031157959e+00
9.6620000000e+00 4.0278143989e+02 2.1026730421e+00
9.6600000000e+00 4.0347872745e+02 2.1025448387e+00
9.6580000000e+00 4.0417626907e+02 2.1024150671e+00
9.6550000000e+00 4.0487406458e+02 2.1019682407e+00
9.6530000000e+00 4.0557211378e+02 2.1018355144e+00
9.6510000000e+00 4.0627041650e+02 2.1017012383e+00
9.6480000000e+00 4.0696897254e+02 2.1012503920e+00
9.6460000000e+00 4.0766778173e+02 2.1011131970e+00
9.6430000000e+00 4.0836684389e+02 2.1006597464e+00
9.6410000000e+00 4.0906615882e+02 2.1005196560e+00
9.6390000000e+00 4.0976572636e+02 2.1003780457e+00
9.6360000000e+00 4.1046554630e+02 2.0999206615e+00
9.6340000000e+00 4.1116561848e+02 2.0997761910e+00
9.6320000000e+00 4.1186594271e+02 2.0996302180e+00
9.6290000000e+00 4.1256651881e+02 2.0991689515e+00
9.6270000000e+00 4.1326734660e+02 2.0990201531e+00
9.6250000000e+00 4.1396842590e+02 2.0988698698e+00
9.6220000000e+00 4.1466975653e+02 2.0984047715e+00
9.6200000000e+00 4.1537133830e+02 2.0982516971e+00
9.6180000000e+00 4.1607317104e+02 2.0980971551e+00
9.6150000000e+00 4.1677525457e+02 2.0976282748e+00
9.6130000000e+00 4.1747758871e+02 2.0974709756e+00
9.6100000000e+00 4.1818017329e+02 2.0969996473e+00
9.6080000000e+00 4.1888300811e+02 2.0968396132e+00
9.6060000000e+00 4.1958609301e+02 2.0966781399e+00
9.6030000000e+00 4.2028942781e+02 2.0962031114e+00
9.6010000000e+00 4.2099301232e+02 2.0960389366e+00
9.5990000000e+00 4.2169684638e+02 2.0958733393e+00
9.5960000000e+00 4.2240092981e+02 2.0953946590e+00
9.5940000000e+00 4.2310526242e+02 2.0952263931e+00
9.5920000000e+00 4.2380984404e+02 2.0950567215e+00
9.5890000000e+00 4.2451467451e+02 2.0945744372e+00
9.5870000000e+00 4.2521975363e+02 2.0944021295e+00
9.5850000000e+00 4.2592508124e+02 2.0942284324e+00
9.5820000000e+00 4.2663065716e+02 2.0937425915e+00
9.5800000000e+00 4.2733648122e+02 2.0935662904e+00
9.5780000000e+00 4.2804255324e+02 2.0933886163e+00
9.5760000000e+00 4.2874887305e+02 2.0932095746e+00
9.5730000000e+00 4.2945544047e+02 2.0927190193e+00
9.5710000000e+00 4.3016225533e+02 2.0925374161e+00
9.5690000000e+00 4.3086931746e+02 2.0923544612e+00
9.5660000000e+00 4.3157662669e+02 2.0918604576e+00
9.5640000000e+00 4.3228418284e+02 2.0916749726e+00
9.5620000000e+00 4.3299198573e+02 2.0914881519e+00
9.5590000000e+00 4.3370003521e+02 2.0909907453e+00
9.5570000000e+00 4.3440833109e+02 2.0908014254e+00
9.5550000000e+00 4.3511687321e+02 2.0906107854e+00
9.5520000000e+00 4.3582566140e+02 2.0901100208e+00
9.5500000000e+00 4.3653469547e+02 2.0899169123e+00
9.5480000000e+00 4.3724397527e+02 2.0897224991e+00
9.5460000000e+00 4.3795350062e+02 2.0895267865e+00
9.5430000000e+00 4.3866327136e+02 2.0890215695e+00
9.5410000000e+00 4.3937328731e+02 2.0888234288e+00
9.5390000000e+00 4.4008354830e+02 2.0886240039e+00
9.5360000000e+00 4.4079405417e+02 2.0881155317e+00
9.5340000000e+00 4.4150480475e+02 2.0879137086e+00
9.5320000000e+00 4.4221579986e+02 2.0877106163e+00
9.5290000000e+00 4.4292703935e+02 2.0871989321e+00
9.5270000000e+00 4.4363852304e+02 2.0869934711e+00
9.5250000000e+00 4.4435025076e+02 2.0867867559e+00
9.5230000000e+00 4.4506222235e+02 2.0865787914e+00
9.5200000000e+00 4.4577443764e+02 2.0860628475e+00
9.5180000000e+00 4.4648689646e+02 2.0858525532e+00
9.5160000000e+00 4.4719959865e+02 2.0856410244e+00
9.5130000000e+00 4.4791254405e+02 2.0851219673e+00
9.5110000000e+00 4.4862573248e+02 2.0849081374e+00
9.5090000000e+00 4.4933916378e+02 2.0846930876e+00
9.5070000000e+00 4.5005283778e+02 2.0844768225e+00
9.5040000000e+00 4.5076675433e+02 2.0839536362e+00
9.5020000000e+00 4.5148091325e+02 2.0837351079e+00
9.5000000000e+00 4.5219531438e+02 2.0835153789e+00
9.4980000000e+00 4.5290995756e+02 2.0832944538e+00
9.4950000000e+00 4.5362484262e+02 2.0827672112e+00
9.4930000000e+00 4.5433996940e+02 2.0825440603e+00
9.4910000000e+00 4.5505533773e+02 2.0823197274e+00
9.4890000000e+00 4.5577094746e+02 2.0820942173e+00
9.4860000000e+00 4.5648679842e+02 2.0815629904e+00
9.4840000000e+00 4.5720289045e+02 2.0813352912e+00
9.4820000000e+00 4.5791922339e+02 2.0811064287e+00
9.4790000000e+00 4.5863579706e+02 2.0805722916e+00
9.4770000000e+00 4.5935261132e+02 2.0803412671e+00
9.4750000000e+00 4.6006966600e+02 2.0801090930e+00
9.4730000000e+00 4.6078696094e+02 2.0798757739e+00
9.4700000000e+00 4.6150449598e+02 2.0793377754e+00
9.4680000000e+00 4.6222227096e+02 2.0791023301e+00
9.4660000000e+00 4.6294028571e+02 2.0788657534e+00
