3.9630000000e+00 4.2733315643e+00 7.1425169783e-02
4.1800000000e+00 4.8030747438e+00 8.3983104200e-02
4.3830000000e+00 5.3336971679e+00 9.7019266957e-02
4.5730000000e+00 5.8651959323e+00 1.1041546889e-01
4.7520000000e+00 6.3975681568e+00 1.2414748675e-01
4.9210000000e+00 6.9308109846e+00 1.3815047646e-01
5.0820000000e+00 7.4649215821e+00 1.5246644686e-01
5.2350000000e+00 7.9998971386e+00 1.6699314361e-01
5.3810000000e+00 8.5357348662e+00 1.8172472771e-01
5.5200000000e+00 9.0724319994e+00 1.9657209291e-01
5.6540000000e+00 9.6099857945e+00 2.1166190611e-01
5.7820000000e+00 1.0148393530e+01 2.2682099228e-01
5.9050000000e+00 1.0687652505e+01 2.4209201064e-01
6.0230000000e+00 1.1227760042e+01 2.5741412573e-01
6.1370000000e+00 1.1768713481e+01 2.7285392697e-01
6.2470000000e+00 1.2310510186e+01 2.8836454017e-01
6.3530000000e+00 1.2853147540e+01 3.0389899093e-01
6.4550000000e+00 1.3396622947e+01 3.1941039006e-01
6.5540000000e+00 1.3940933829e+01 3.3499746980e-01
6.6500000000e+00 1.4486077629e+01 3.5062677230e-01
6.7430000000e+00 1.5032051811e+01 3.6626484642e-01
6.8320000000e+00 1.5578853856e+01 3.8172034674e-01
6.9190000000e+00 1.6126481265e+01 3.9727205240e-01
7.0040000000e+00 1.6674931557e+01 4.1289922170e-01
7.0860000000e+00 1.7224202270e+01 4.2841109658e-01
7.1650000000e+00 1.7774290962e+01 4.4377528689e-01
7.2420000000e+00 1.8325195205e+01 4.5913736882e-01
7.3170000000e+00 1.8876912594e+01 4.7447695103e-01
7.3900000000e+00 1.9429440737e+01 4.8977375360e-01
7.4610000000e+00 1.9982777264e+01 5.0500764135e-01
7.5300000000e+00 2.0536919817e+01 5.2015865566e-01
7.5970000000e+00 2.1091866061e+01 5.3520704455e-01
7.6630000000e+00 2.1647613672e+01 5.5033200605e-01
7.7270000000e+00 2.2204160348e+01 5.6532218989e-01
7.7890000000e+00 2.2761503799e+01 5.8015840694e-01
7.8490000000e+00 2.3319641755e+01 5.9482177337e-01
7.9080000000e+00 2.3878571959e+01 6.0950536266e-01
7.9660000000e+00 2.4438292173e+01 6.2420017387e-01
8.0220000000e+00 2.4998800172e+01 6.3867941436e-01
8.0770000000e+00 2.5560093749e+01 6.5314591744e-01
8.1300000000e+00 2.6122170709e+01 6.6736716826e-01
8.1820000000e+00 2.6685028876e+01 6.8155235016e-01
8.2330000000e+00 2.7248666088e+01 6.9569289309e-01
8.2830000000e+00 2.7813080196e+01 7.0978029290e-01
8.3310000000e+00 2.8378269067e+01 7.2357119743e-01
8.3790000000e+00 2.8944230585e+01 7.3752438860e-01
8.4250000000e+00 2.9510962643e+01 7.5115917930e-01
8.4710000000e+00 3.0078463154e+01 7.6494526816e-01
8.5150000000e+00 3.0646730041e+01 7.7839158940e-01
8.5580000000e+00 3.1215761242e+01 7.9173054370e-01
8.6000000000e+00 3.1785554711e+01 8.0495439149e-01
8.6420000000e+00 3.2356108413e+01 8.1830823556e-01
8.6820000000e+00 3.2927420327e+01 8.3128145544e-01
8.7220000000e+00 3.3499488447e+01 8.4437442236e-01
8.7600000000e+00 3.4072310778e+01 8.5706726461e-01
8.7980000000e+00 3.4645885339e+01 8.6986991188e-01
8.8350000000e+00 3.5220210163e+01 8.8251778001e-01
8.8720000000e+00 3.5795283294e+01 8.9527020788e-01
8.9070000000e+00 3.6371102791e+01 9.0758970577e-01
8.9420000000e+00 3.6947666722e+01 9.2000430573e-01
8.9760000000e+00 3.7524973171e+01 9.3224089790e-01
9.0090000000e+00 3.8103020233e+01 9.4429287339e-01
9.0420000000e+00 3.8681806015e+01 9.5643043229e-01
9.0730000000e+00 3.9261328635e+01 9.6809584276e-01
9.1050000000e+00 3.9841586226e+01 9.8011866428e-01
9.1350000000e+00 4.0422576929e+01 9.9165685467e-01
9.1650000000e+00 4.1004298899e+01 1.0032672800e+00
9.1950000000e+00 4.1586750302e+01 1.0149495022e+00
9.2230000000e+00 4.2169929316e+01 1.0261272100e+00
9.2510000000e+00 4.2753834130e+01 1.0373686222e+00
9.2790000000e+00 4.3338462944e+01 1.0486733085e+00
9.3060000000e+00 4.3923813969e+01 1.0597477186e+00
9.3330000000e+00 4.4509885427e+01 1.0708810878e+00
9.3590000000e+00 4.5096675551e+01 1.0817765349e+00
9.3840000000e+00 4.5684182586e+01 1.0924287062e+00
9.4090000000e+00 4.6272404786e+01 1.1031319918e+00
9.4330000000e+00 4.6861340416e+01 1.1135848081e+00
9.4570000000e+00 4.7450987753e+01 1.1240847923e+00
9.4810000000e+00 4.8041345081e+01 1.1346315361e+00
9.5040000000e+00 4.8632410697e+01 1.1449189242e+00
9.5260000000e+00 4.9224182908e+01 1.1549421272e+00
9.5480000000e+00 4.9816660031e+01 1.1650049892e+00
9.5700000000e+00 5.0409840392e+01 1.1751071254e+00
9.5910000000e+00 5.1003722327e+01 1.1849368112e+00
9.6120000000e+00 5.1598304183e+01 1.1948022288e+00
9.6320000000e+00 5.2193584316e+01 1.2043889954e+00
9.6520000000e+00 5.2789561092e+01 1.2140080903e+00
9.6720000000e+00 5.3386232886e+01 1.2236591539e+00
9.6910000000e+00 5.3983598082e+01 1.2330239623e+00
9.7100000000e+00 5.4581655074e+01 1.2424174850e+00
9.7280000000e+00 5.5180402266e+01 1.2515190747e+00
9.7470000000e+00 5.5779838070e+01 1.2609677573e+00
9.7640000000e+00 5.6379960907e+01 1.2697987333e+00
9.7820000000e+00 5.6980769208e+01 1.2789761431e+00
9.7990000000e+00 5.7582261413e+01 1.2878531886e+00
9.8160000000e+00 5.8184435970e+01 1.2967522299e+00
9.8320000000e+00 5.8787291335e+01 1.3053457825e+00
9.8480000000e+00 5.9390825975e+01 1.3139585276e+00
9.8640000000e+00 5.9995038364e+01 1.3225901712e+00
9.8790000000e+00 6.0599926986e+01 1.3309101002e+00
9.8950000000e+00 6.1205490330e+01 1.3395776064e+00
9.9090000000e+00 6.1811726898e+01 1.3475984356e+00
9.9240000000e+00 6.2418635197e+01 1.3559662896e+00
9.9380000000e+00 6.3026213743e+01 1.3640152915e+00
9.9520000000e+00 6.3634461062e+01 1.3720775132e+00
9.9660000000e+00 6.4243375685e+01 1.3801526973e+00
9.9800000000e+00 6.4852956153e+01 1.3882405855e+00
9.9930000000e+00 6.5463201015e+01 1.3960029545e+00
1.0006000000e+01 6.6074108828e+01 1.4037757177e+00
1.0018000000e+01 6.6685678155e+01 1.4112189573e+00
1.0031000000e+01 6.7297907568e+01 1.4190109320e+00
1.0043000000e+01 6.7910795648e+01 1.4264712272e+00
1.0055000000e+01 6.8524340981e+01 1.4339393060e+00
1.0067000000e+01 6.9138542162e+01 1.4414149508e+00
1.0078000000e+01 6.9753397795e+01 1.4485541870e+00
1.0090000000e+01 7.0368906487e+01 1.4560435164e+00
1.0101000000e+01 7.0985066858e+01 1.4631944614e+00
1.0112000000e+01 7.1601877530e+01 1.4703505811e+00
1.0122000000e+01 7.2219337136e+01 1.4771649227e+00
1.0133000000e+01 7.2837444315e+01 1.4843300688e+00
1.0143000000e+01 7.3456197712e+01 1.4911516239e+00
1.0153000000e+01 7.4075595980e+01 1.4979761675e+00
1.0163000000e+01 7.4695637780e+01 1.5048035237e+00
1.0172000000e+01 7.5316321779e+01 1.5112833268e+00
1.0182000000e+01 7.5937646649e+01 1.5181151137e+00
1.0191000000e+01 7.6559611073e+01 1.5245977082e+00
1.0200000000e+01 7.7182213737e+01 1.5310811440e+00
1.0209000000e+01 7.7805453335e+01 1.5375652658e+00
1.0217000000e+01 7.8429328569e+01 1.5436966190e+00
1.0226000000e+01 7.9053838145e+01 1.5501810463e+00
1.0234000000e+01 7.9678980778e+01 1.5563112339e+00
1.0242000000e+01 8.0304755187e+01 1.5624403468e+00
1.0250000000e+01 8.0931160101e+01 1.5685682507e+00
1.0258000000e+01 8.1558194252e+01 1.5746948112e+00
1.0266000000e+01 8.2185856380e+01 1.5808198944e+00
1.0273000000e+01 8.2814145231e+01 1.5865861924e+00
1.0280000000e+01 8.3443059556e+01 1.5923497180e+00
1.0288000000e+01 8.4072598115e+01 1.5984685265e+00
1.0295000000e+01 8.4702759672e+01 1.6042266541e+00
1.0301000000e+01 8.5333542997e+01 1.6096225232e+00
1.0308000000e+01 8.5964946867e+01 1.6153738229e+00
1.0315000000e+01 8.6596970064e+01 1.6211217832e+00
1.0321000000e+01 8.7229611378e+01 1.6265057705e+00
1.0327000000e+01 8.7862869603e+01 1.6318853050e+00
1.0334000000e+01 8.8496743539e+01 1.6376216724e+00
1.0340000000e+01 8.9131231993e+01 1.6429924412e+00
1.0345000000e+01 8.9766333775e+01 1.6479962582e+00
1.0351000000e+01 9.0402047705e+01 1.6533570495e+00
1.0357000000e+01 9.1038372605e+01 1.6587129238e+00
1.0362000000e+01 9.1675307304e+01 1.6637003918e+00
1.0368000000e+01 9.2312850637e+01 1.6690457660e+00
1.0373000000e+01 9.2951001444e+01 1.6740218049e+00
1.0378000000e+01 9.3589758571e+01 1.6789918322e+00
1.0383000000e+01 9.4229120869e+01 1.6839557747e+00
1.0388000000e+01 9.4869087194e+01 1.6889135597e+00
1.0393000000e+01 9.5509656408e+01 1.6938651148e+00
1.0397000000e+01 9.6150827379e+01 1.6984445131e+00
1.0402000000e+01 9.6792598979e+01 1.7033830638e+00
1.0406000000e+01 9.7434970086e+01 1.7079486891e+00
1.0411000000e+01 9.8077939583e+01 1.7128739721e+00
1.0415000000e+01 9.8721506359e+01 1.7174255841e+00
1.0419000000e+01 9.9365669306e+01 1.7219699568e+00
1.0423000000e+01 1.0001042732e+02 1.7265070363e+00
1.0427000000e+01 1.0065577931e+02 1.7310367694e+00
1.0431000000e+01 1.0130172419e+02 1.7355591029e+00
1.0434000000e+01 1.0194826086e+02 1.7397055245e+00
1.0438000000e+01 1.0259538824e+02 1.7442126397e+00
1.0441000000e+01 1.0324310527e+02 1.7483432447e+00
1.0445000000e+01 1.0389141086e+02 1.7528349541e+00
1.0448000000e+01 1.0454030395e+02 1.7569495758e+00
1.0451000000e+01 1.0518978347e+02 1.7610560325e+00
1.0454000000e+01 1.0583984838e+02 1.7651542883e+00
1.0457000000e+01 1.0649049762e+02 1.7692443078e+00
1.0460000000e+01 1.0714173014e+02 1.7733260556e+00
1.0463000000e+01 1.0779354490e+02 1.7773994969e+00
1.0466000000e+01 1.0844594085e+02 1.7814645974e+00
1.0469000000e+01 1.0909891697e+02 1.7855213228e+00
1.0471000000e+01 1.0975247223e+02 1.7891985580e+00
1.0474000000e+01 1.1040660560e+02 1.7932382453e+00
1.0476000000e+01 1.1106131606e+02 1.7968980273e+00
1.0479000000e+01 1.1171660260e+02 1.8009205621e+00
1.0481000000e+01 1.1237246421e+02 1.8045627952e+00
1.0483000000e+01 1.1302889987e+02 1.8081961419e+00
1.0485000000e+01 1.1368590859e+02 1.8118205834e+00
1.0487000000e+01 1.1434348937e+02 1.8154361013e+00
1.0489000000e+01 1.1500164122e+02 1.8190426773e+00
1.0491000000e+01 1.1566036314e+02 1.8226402935e+00
1.0493000000e+01 1.1631965415e+02 1.8262289323e+00
1.0495000000e+01 1.1697951327e+02 1.8298085765e+00
1.0497000000e+01 1.1763993952e+02 1.8333792091e+00
1.0498000000e+01 1.1830093193e+02 1.8365678205e+00
1.0500000000e+01 1.1896248954e+02 1.8401202627e+00
1.0501000000e+01 1.1962461138e+02 1.8432904378e+00
1.0503000000e+01 1.2028729648e+02 1.8468246408e+00
1.0504000000e+01 1.2095054390e+02 1.8499763471e+00
1.0505000000e+01 1.2161435268e+02 1.8531187629e+00
1.0507000000e+01 1.2227872187e+02 1.8566254719e+00
1.0508000000e+01 1.2294365053e+02 1.8597493778e+00
1.0509000000e+01 1.2360913772e+02 1.8628639793e+00
1.0510000000e+01 1.2427518251e+02 1.8659692733e+00
1.0511000000e+01 1.2494178395e+02 1.8690652571e+00
1.0512000000e+01 1.2560894113e+02 1.8721519281e+00
1.0513000000e+01 1.2627665312e+02 1.8752292840e+00
1.0514000000e+01 1.2694491899e+02 1.8782973229e+00
1.0515000000e+01 1.2761373784e+02 1.8813560427e+00
1.0515000000e+01 1.2828310875e+02 1.8840312407e+00
1.0516000000e+01 1.2895303080e+02 1.8870712670e+00
1.0517000000e+01 1.2962350310e+02 1.8901019737e+00
1.0517000000e+01 1.3029452475e+02 1.8927490255e+00
1.0518000000e+01 1.3096609483e+02 1.8957610490e+00
1.0518000000e+01 1.3163821247e+02 1.8983893507e+00
1.0518000000e+01 1.3231087677e+02 1.9010082741e+00
1.0519000000e+01 1.3298408684e+02 1.9039922785e+00
1.0519000000e+01 1.3365784180e+02 1.9065924921e+00
1.0519000000e+01 1.3433214077e+02 1.9091833526e+00
1.0520000000e+01 1.3500698288e+02 1.9121393782e+00
1.0520000000e+01 1.3568236724e+02 1.9147115725e+00
1.0520000000e+01 1.3635829299e+02 1.9172744408e+00
1.0520000000e+01 1.3703475927e+02 1.9198279933e+00
1.0520000000e+01 1.3771176521e+02 1.9223722404e+00
1.0520000000e+01 1.3838930995e+02 1.9249071928e+00
1.0520000000e+01 1.3906739264e+02 1.9274328612e+00
1.0520000000e+01 1.3974601243e+02 1.9299492564e+00
1.0520000000e+01 1.4042516846e+02 1.9324563895e+00
1.0519000000e+01 1.4110485990e+02 1.9345797710e+00
1.0519000000e+01 1.4178508589e+02 1.9370684281e+00
1.0519000000e+01 1.4246584561e+02 1.9395478599e+00
1.0519000000e+01 1.4314713821e+02 1.9420180778e+00
1.0518000000e+01 1.4382896286e+02 1.9441046746e+00
1.0518000000e+01 1.4451131873e+02 1.9465565255e+00
1.0517000000e+01 1.4519420501e+02 1.9486248413e+00
1.0517000000e+01 1.4587762085e+02 1.9510583836e+00
1.0517000000e+01 1.4656156546e+02 1.9534827776e+00
1.0516000000e+01 1.4724603800e+02 1.9555237805e+00
1.0515000000e+01 1.4793103766e+02 1.9575557415e+00
1.0515000000e+01 1.4861656365e+02 1.9599528460e+00
1.0514000000e+01 1.4930261514e+02 1.9619667349e+00
1.0513000000e+01 1.4998919134e+02 1.9639716395e+00
1.0513000000e+01 1.5067629144e+02 1.9663415997e+00
1.0512000000e+01 1.5136391465e+02 1.9683285414e+00
1.0511000000e+01 1.5205206017e+02 1.9703065572e+00
1.0510000000e+01 1.5274072721e+02 1.9722756676e+00
1.0510000000e+01 1.5342991498e+02 1.9746096848e+00
1.0509000000e+01 1.5411962270e+02 1.9765609818e+00
1.0508000000e+01 1.5480984958e+02 1.9785034325e+00
1.0507000000e+01 1.5550059485e+02 1.9804370576e+00
1.0506000000e+01 1.5619185772e+02 1.9823618777e+00
1.0505000000e+01 1.5688363742e+02 1.9842779135e+00
1.0504000000e+01 1.5757593319e+02 1.9861851859e+00
1.0503000000e+01 1.5826874424e+02 1.9880837156e+00
1.0502000000e+01 1.5896206983e+02 1.9899735236e+00
1.0500000000e+01 1.5965590918e+02 1.9914814844e+00
1.0499000000e+01 1.6035026153e+02 1.9933539937e+00
1.0498000000e+01 1.6104512614e+02 1.9952178462e+00
1.0497000000e+01 1.6174050224e+02 1.9970730630e+00
1.0496000000e+01 1.6243638908e+02 1.9989196654e+00
1.0494000000e+01 1.6313278591e+02 2.0003849591e+00
1.0493000000e+01 1.6382969200e+02 2.0022144876e+00
1.0492000000e+01 1.6452710659e+02 2.0040354672e+00
1.0490000000e+01 1.6522502894e+02 2.0054754855e+00
1.0489000000e+01 1.6592345832e+02 2.0072795285e+00
1.0488000000e+01 1.6662239400e+02 2.0090750886e+00
1.0486000000e+01 1.6732183523e+02 2.0104900510e+00
1.0485000000e+01 1.6802178129e+02 2.0122688121e+00
1.0483000000e+01 1.6872223146e+02 2.0136672277e+00
1.0482000000e+01 1.6942318500e+02 2.0154292832e+00
1.0480000000e+01 1.7012464120e+02 2.0168112519e+00
1.0479000000e+01 1.7082659934e+02 2.0185566952e+00
1.0477000000e+01 1.7152905870e+02 2.0199223171e+00
1.0476000000e+01 1.7223201856e+02 2.0216512417e+00
1.0474000000e+01 1.7293547822e+02 2.0230006168e+00
1.0472000000e+01 1.7363943696e+02 2.0243419640e+00
1.0471000000e+01 1.7434389408e+02 2.0260463450e+00
1.0469000000e+01 1.7504884887e+02 2.0273715971e+00
1.0467000000e+01 1.7575430063e+02 2.0286888992e+00
1.0466000000e+01 1.7646024867e+02 2.0303689526e+00
1.0464000000e+01 1.7716669229e+02 2.0316703111e+00
1.0462000000e+01 1.7787363078e+02 2.0329637975e+00
1.0460000000e+01 1.7858106347e+02 2.0342494381e+00
1.0459000000e+01 1.7928898966e+02 2.0358974338e+00
1.0457000000e+01 1.7999740866e+02 2.0371673337e+00
1.0455000000e+01 1.8070631979e+02 2.0384294656e+00
1.0453000000e+01 1.8141572237e+02 2.0396838557e+00
1.0451000000e+01 1.8212561571e+02 2.0409305304e+00
1.0449000000e+01 1.8283599914e+02 2.0421695159e+00
1.0447000000e+01 1.8354687199e+02 2.0434008385e+00
1.0445000000e+01 1.8425823357e+02 2.0446245243e+00
1.0443000000e+01 1.8497008323e+02 2.0458405994e+00
1.0442000000e+01 1.8568242028e+02 2.0474180612e+00
1.0440000000e+01 1.8639524408e+02 2.0486188538e+00
1.0438000000e+01 1.8710855394e+02 2.0498121129e+00
1.0436000000e+01 1.8782234922e+02 2.0509978646e+00
1.0434000000e+01 1.8853662924e+02 2.0521761350e+00
1.0431000000e+01 1.8925139336e+02 2.0529786897e+00
1.0429000000e+01 1.8996664092e+02 2.0541422210e+00
1.0427000000e+01 1.9068237127e+02 2.0552983500e+00
1.0425000000e+01 1.9139858375e+02 2.0564471026e+00
1.0423000000e+01 1.9211527771e+02 2.0575885047e+00
1.0421000000e+01 1.9283245252e+02 2.0587225821e+00
1.0419000000e+01 1.9355010753e+02 2.0598493605e+00
1.0417000000e+01 1.9426824210e+02 2.0609688658e+00
1.0415000000e+01 1.9498685557e+02 2.0620811237e+00
1.0412000000e+01 1.9570594733e+02 2.0628192471e+00
1.0410000000e+01 1.9642551674e+02 2.0639172426e+00
1.0408000000e+01 1.9714556315e+02 2.0650080687e+00
1.0406000000e+01 1.9786608594e+02 2.0660917510e+00
1.0404000000e+01 1.9858708448e+02 2.0671683149e+00
1.0401000000e+01 1.9930855814e+02 2.0678716563e+00
1.0399000000e+01 2.0003050630e+02 2.0689342205e+00
1.0397000000e+01 2.0075292834e+02 2.0699897437e+00
1.0394000000e+01 2.0147582363e+02 2.0706726010e+00
1.0392000000e+01 2.0219919156e+02 2.0717142816e+00
1.0390000000e+01 2.0292303150e+02 2.0727489981e+00
1.0387000000e+01 2.0364734285e+02 2.0734116130e+00
1.0385000000e+01 2.0437212499e+02 2.0744326431e+00
1.0383000000e+01 2.0509737731e+02 2.0754467857e+00
1.0380000000e+01 2.0582309920e+02 2.0760893983e+00
1.0378000000e+01 2.0654929005e+02 2.0770900096e+00
1.0376000000e+01 2.0727594926e+02 2.0780838095e+00
1.0373000000e+01 2.0800307623e+02 2.0787066581e+00
1.0371000000e+01 2.0873067036e+02 2.0796870810e+00
1.0368000000e+01 2.0945873104e+02 2.0802969405e+00
1.0366000000e+01 2.1018725768e+02 2.0812640892e+00
1.0364000000e+01 2.1091624969e+02 2.0822245525e+00
1.0361000000e+01 2.1164570646e+02 2.0828150422e+00
1.0359000000e+01 2.1237562742e+02 2.0837623839e+00
1.0356000000e+01 2.1310601196e+02 2.0843401469e+00
1.0354000000e+01 2.1383685950e+02 2.0852744685e+00
1.0351000000e+01 2.1456816946e+02 2.0858396090e+00
1.0349000000e+01 2.1529994125e+02 2.0867610119e+00
1.0346000000e+01 2.1603217430e+02 2.0873136335e+00
1.0344000000e+01 2.1676486801e+02 2.0882222182e+00
1.0341000000e+01 2.1749802181e+02 2.0887624242e+00
1.0339000000e+01 2.1823163512e+02 2.0896582909e+00
1.0336000000e+01 2.1896570737e+02 2.0901861837e+00
1.0334000000e+01 2.1970023799e+02 2.0910694320e+00
1.0331000000e+01 2.2043522641e+02 2.0915851138e+00
1.0329000000e+01 2.2117067204e+02 2.0924558428e+00
1.0326000000e+01 2.2190657434e+02 2.0929594149e+00
1.0323000000e+01 2.2264293272e+02 2.0934570585e+00
1.0321000000e+01 2.2337974664e+02 2.0943092866e+00
1.0318000000e+01 2.2411701551e+02 2.0947949722e+00
1.0316000000e+01 2.2485473879e+02 2.0956349273e+00
1.0313000000e+01 2.2559291591e+02 2.0961087548e+00
1.0310000000e+01 2.2633154632e+02 2.0965767804e+00
1.0308000000e+01 2.2707062947e+02 2.0973986031e+00
1.0305000000e+01 2.2781016478e+02 2.0978549200e+00
1.0302000000e+01 2.2855015173e+02 2.0983055101e+00
1.0300000000e+01 2.2929058974e+02 2.0991094195e+00
1.0297000000e+01 2.3003147829e+02 2.0995484489e+00
1.0294000000e+01 2.3077281681e+02 2.0999818259e+00
1.0292000000e+01 2.3151460476e+02 2.1007680391e+00
1.0289000000e+01 2.3225684160e+02 2.1011900021e+00
1.0286000000e+01 2.3299952679e+02 2.1016063865e+00
1.0284000000e+01 2.3374265978e+02 2.1023751187e+00
1.0281000000e+01 2.3448624004e+02 2.1027802343e+00
1.0278000000e+01 2.3523026703e+02 2.1031798442e+00
1.0276000000e+01 2.3597474022e+02 2.1039313089e+00
1.0273000000e+01 2.3671965906e+02 2.1043197941e+00
1.0270000000e+01 2.3746502303e+02 2.1047028457e+00
1.0267000000e+01 2.3821083159e+02 2.1050804879e+00
1.0265000000e+01 2.3895708422e+02 2.1058093239e+00
1.0262000000e+01 2.3970378039e+02 2.1061760314e+00
1.0259000000e+01 2.4045091956e+02 2.1065374007e+00
1.0256000000e+01 2.4119850123e+02 2.1068934556e+00
1.0254000000e+01 2.4194652486e+02 2.1076000357e+00
1.0251000000e+01 2.4269498993e+02 2.1079453434e+00
1.0248000000e+01 2.4344389593e+02 2.1082854070e+00
1.0245000000e+01 2.4419324233e+02 2.1086202499e+00
1.0243000000e+01 2.4494302861e+02 2.1093049422e+00
1.0240000000e+01 2.4569325427e+02 2.1096292231e+00
1.0237000000e+01 2.4644391878e+02 2.1099483526e+00
1.0234000000e+01 2.4719502164e+02 2.1102623539e+00
1.0231000000e+01 2.4794656233e+02 2.1105712498e+00
1.0229000000e+01 2.4869854034e+02 2.1112291436e+00
1.0226000000e+01 2.4945095517e+02 2.1115277056e+00
1.0223000000e+01 2.5020380631e+02 2.1118212304e+00
1.0220000000e+01 2.5095709326e+02 2.1121097407e+00
1.0217000000e+01 2.5171081550e+02 2.1123932591e+00
1.0215000000e+01 2.5246497254e+02 2.1130249143e+00
1.0212000000e+01 2.5321956388e+02 2.1132983230e+00
1.0209000000e+01 2.5397458902e+02 2.1135668067e+00
1.0206000000e+01 2.5473004746e+02 2.1138303876e+00
1.0203000000e+01 2.5548593870e+02 2.1140890881e+00
1.0200000000e+01 2.5624226225e+02 2.1143429300e+00
1.0198000000e+01 2.5699901761e+02 2.1149438661e+00
1.0195000000e+01 2.5775620430e+02 2.1151878624e+00
1.0192000000e+01 2.5851382182e+02 2.1154270656e+00
1.0189000000e+01 2.5927186968e+02 2.1156614977e+00
1.0186000000e+01 2.6003034739e+02 2.1158911803e+00
1.0183000000e+01 2.6078925448e+02 2.1161161350e+00
1.0180000000e+01 2.6154859044e+02 2.1163363832e+00
1.0178000000e+01 2.6230835481e+02 2.1169024971e+00
1.0175000000e+01 2.6306854709e+02 2.1171132007e+00
1.0172000000e+01 2.6382916680e+02 2.1173192617e+00
1.0169000000e+01 2.6459021347e+02 2.1175207015e+00
1.0166000000e+01 2.6535168662e+02 2.1177175410e+00
1.0163000000e+01 2.6611358576e+02 2.1179098013e+00
1.0160000000e+01 2.6687591043e+02 2.1180975034e+00
1.0157000000e+01 2.6763866015e+02 2.1182806681e+00
1.0154000000e+01 2.6840183444e+02 2.1184593163e+00
1.0152000000e+01 2.6916543284e+02 2.1189822344e+00
1.0149000000e+01 2.6992945487e+02 2.1191517138e+00
1.0146000000e+01 2.7069390006e+02 2.1193167385e+00
1.0143000000e+01 2.7145876795e+02 2.1194773288e+00
1.0140000000e+01 2.7222405807e+02 2.1196335052e+00
1.0137000000e+01 2.7298976995e+02 2.1197852880e+00
1.0134000000e+01 2.7375590313e+02 2.1199326973e+00
1.0131000000e+01 2.7452245715e+02 2.1200757535e+00
1.0128000000e+01 2.7528943154e+02 2.1202144764e+00
1.0125000000e+01 2.7605682585e+02 2.1203488862e+00
1.0123000000e+01 2.7682463962e+02 2.1208257728e+00
1.0120000000e+01 2.7759287238e+02 2.1209514173e+00
1.0117000000e+01 2.7836152368e+02 2.1210728080e+00
1.0114000000e+01 2.7913059307e+02 2.1211899647e+00
1.0111000000e+01 2.7990008010e+02 2.1213029069e+00
1.0108000000e+01 2.8066998430e+02 2.1214116543e+00
1.0105000000e+01 2.8144030523e+02 2.1215162263e+00
1.0102000000e+01 2.8221104244e+02 2.1216166422e+00
1.0099000000e+01 2.8298219547e+02 2.1217129214e+00
1.0096000000e+01 2.8375376389e+02 2.1218050830e+00
1.0093000000e+01 2.8452574724e+02 2.1218931463e+00
1.0090000000e+01 2.8529814507e+02 2.1219771303e+00
1.0087000000e+01 2.8607095695e+02 2.1220570540e+00
1.0084000000e+01 2.8684418243e+02 2.1221329363e+00
1.0081000000e+01 2.8761782107e+02 2.1222047960e+00
1.0079000000e+01 2.8839187243e+02 2.1226164175e+00
1.0076000000e+01 2.8916633606e+02 2.1226800887e+00
1.0073000000e+01 2.8994121154e+02 2.1227397933e+00
1.0070000000e+01 2.9071649841e+02 2.1227955500e+00
1.0067000000e+01 2.9149219625e+02 2.1228473772e+00
1.0064000000e+01 2.9226830462e+02 2.1228952932e+00
1.0061000000e+01 2.9304482309e+02 2.1229393165e+00
1.0058000000e+01 2.9382175123e+02 2.1229794652e+00
1.0055000000e+01 2.9459908859e+02 2.1230157576e+00
1.0052000000e+01 2.9537683476e+02 2.1230482117e+00
1.0049000000e+01 2.9615498930e+02 2.1230768454e+00
1.0046000000e+01 2.9693355179e+02 2.1231016769e+00
1.0043000000e+01 2.9771252179e+02 2.1231227239e+00
1.0040000000e+01 2.9849189889e+02 2.1231400042e+00
1.0037000000e+01 2.9927168265e+02 2.1231535356e+00
1.0034000000e+01 3.0005187266e+02 2.1231633357e+00
1.0031000000e+01 3.0083246849e+02 2.1231694221e+00
1.0028000000e+01 3.0161346971e+02 2.1231718123e+00
1.0025000000e+01 3.0239487592e+02 2.1231705237e+00
1.0022000000e+01 3.0317668668e+02 2.1231655737e+00
1.0020000000e+01 3.0395890159e+02 2.1234967317e+00
1.0017000000e+01 3.0474152022e+02 2.1234843109e+00
1.0014000000e+01 3.0552454215e+02 2.1234682804e+00
1.0011000000e+01 3.0630796699e+02 2.1234486572e+00
1.0008000000e+01 3.0709179429e+02 2.1234254583e+00
1.0005000000e+01 3.0787602367e+02 2.1233987007e+00
1.0002000000e+01 3.0866065470e+02 2.1233684013e+00
9.9990000000e+00 3.0944568697e+02 2.1233345768e+00
9.9960000000e+00 3.1023112008e+02 2.1232972439e+00
9.9930000000e+00 3.1101695361e+02 2.1232564193e+00
9.9900000000e+00 3.1180318715e+02 2.1232121196e+00
9.9870000000e+00 3.1258982031e+02 2.1231643612e+00
9.9840000000e+00 3.1337685268e+02 2.1231131607e+00
9.9810000000e+00 3.1416428384e+02 2.1230585343e+00
9.9780000000e+00 3.1495211340e+02 2.1230004985e+00
9.9750000000e+00 3.1574034096e+02 2.1229390693e+00
9.9720000000e+00 3.1652896610e+02 2.1228742630e+00
9.9690000000e+00 3.1731798844e+02 2.1228060957e+00
9.9660000000e+00 3.1810740758e+02 2.1227345834e+00
9.9630000000e+00 3.1889722310e+02 2.1226597420e+00
9.9600000000e+00 3.1968743463e+02 2.1225815874e+00
9.9570000000e+00 3.2047804175e+02 2.1225001356e+00
9.9540000000e+00 3.2126904408e+02 2.1224154021e+00
9.9520000000e+00 3.2206044122e+02 2.1226625561e+00
9.9490000000e+00 3.2285223278e+02 2.1225711081e+00
9.9460000000e+00 3.2364441836e+02 2.1224764255e+00
9.9430000000e+00 3.2443699757e+02 2.1223785237e+00
9.9400000000e+00 3.2522997003e+02 2.1222774182e+00
9.9370000000e+00 3.2602333534e+02 2.1221731243e+00
9.9340000000e+00 3.2681709311e+02 2.1220656573e+00
9.9310000000e+00 3.2761124296e+02 2.1219550324e+00
9.9280000000e+00 3.2840578450e+02 2.1218412648e+00
9.9250000000e+00 3.2920071734e+02 2.1217243696e+00
9.9220000000e+00 3.2999604110e+02 2.1216043617e+00
9.9190000000e+00 3.3079175539e+02 2.1214812562e+00
9.9160000000e+00 3.3158785984e+02 2.1213550680e+00
9.9130000000e+00 3.3238435405e+02 2.1212258118e+00
9.9100000000e+00 3.3318123766e+02 2.1210935024e+00
9.9070000000e+00 3.3397851027e+02 2.1209581546e+00
9.9040000000e+00 3.3477617151e+02 2.1208197830e+00
9.9010000000e+00 3.3557422100e+02 2.1206784020e+00
9.8980000000e+00 3.3637265837e+02 2.1205340264e+00
9.8950000000e+00 3.3717148323e+02 2.1203866704e+00
9.8920000000e+00 3.3797069522e+02 2.1202363486e+00
9.8900000000e+00 3.3877029395e+02 2.1204140684e+00
9.8870000000e+00 3.3957027905e+02 2.1202576618e+00
9.8840000000e+00 3.4037065016e+02 2.1200983321e+00
9.8810000000e+00 3.4117140689e+02 2.1199360936e+00
9.8780000000e+00 3.4197254888e+02 2.1197709603e+00
9.8750000000e+00 3.4277407576e+02 2.1196029462e+00
9.8720000000e+00 3.4357598715e+02 2.1194320652e+00
9.8690000000e+00 3.4437828270e+02 2.1192583313e+00
9.8660000000e+00 3.4518096202e+02 2.1190817583e+00
9.8630000000e+00 3.4598402477e+02 2.1189023599e+00
9.8600000000e+00 3.4678747056e+02 2.1187201498e+00
9.8570000000e+00 3.4759129903e+02 2.1185351418e+00
9.8540000000e+00 3.4839550983e+02 2.1183473493e+00
9.8510000000e+00 3.4920010258e+02 2.1181567858e+00
9.8480000000e+00 3.5000507693e+02 2.1179634650e+00
9.8450000000e+00 3.5081043251e+02 2.1177674000e+00
9.8430000000e+00 3.5161616896e+02 2.1178964623e+00
9.8400000000e+00 3.5242228593e+02 2.1176947559e+00
9.8370000000e+00 3.5322878305e+02 2.1174903454e+00
9.8340000000e+00 3.5403565997e+02 2.1172832441e+00
9.8310000000e+00 3.5484291632e+02 2.1170734651e+00
9.8280000000e+00 3.5565055176e+02 2.1168610213e+00
9.8250000000e+00 3.5645856593e+02 2.1166459259e+00
9.8220000000e+00 3.5726695847e+02 2.1164281917e+00
9.8190000000e+00 3.5807572902e+02 2.1162078316e+00
9.8160000000e+00 3.5888487725e+02 2.1159848584e+00
9.8130000000e+00 3.5969440278e+02 2.1157592849e+00
9.8100000000e+00 3.6050430528e+02 2.1155311238e+00
9.8080000000e+00 3.6131458439e+02 2.1156259159e+00
9.8050000000e+00 3.6212523976e+02 2.1153924262e+00
9.8020000000e+00 3.6293627105e+02 2.1151563869e+00
9.7990000000e+00 3.6374767789e+02 2.1149178104e+00
9.7960000000e+00 3.6455945996e+02 2.1146767092e+00
9.7930000000e+00 3.6537161690e+02 2.1144330956e+00
9.7900000000e+00 3.6618414836e+02 2.1141869819e+00
9.7870000000e+00 3.6699705400e+02 2.1139383805e+00
9.7840000000e+00 3.6781033347e+02 2.1136873034e+00
9.7810000000e+00 3.6862398644e+02 2.1134337629e+00
9.7790000000e+00 3.6943801256e+02 2.1135013737e+00
9.7760000000e+00 3.7025241149e+02 2.1132427532e+00
9.7730000000e+00 3.7106718288e+02 2.1129817055e+00
9.7700000000e+00 3.7188232640e+02 2.1127182425e+00
9.7670000000e+00 3.7269784171e+02 2.1124523763e+00
9.7640000000e+00 3.7351372847e+02 2.1121841185e+00
9.7610000000e+00 3.7432998633e+02 2.1119134810e+00
9.7580000000e+00 3.7514661497e+02 2.1116404755e+00
9.7550000000e+00 3.7596361405e+02 2.1113651136e+00
9.7530000000e+00 3.7678098323e+02 2.1114092910e+00
9.7500000000e+00 3.7759872218e+02 2.1111290636e+00
9.7470000000e+00 3.7841683056e+02 2.1108465148e+00
9.7440000000e+00 3.7923530804e+02 2.1105616558e+00
9.7410000000e+00 3.8005415428e+02 2.1102744983e+00
9.7380000000e+00 3.8087336896e+02 2.1099850535e+00
9.7350000000e+00 3.8169295174e+02 2.1096933326e+00
9.7320000000e+00 3.8251290230e+02 2.1093993471e+00
9.7300000000e+00 3.8333322030e+02 2.1094234757e+00
9.7270000000e+00 3.8415390542e+02 2.1091248084e+00
9.7240000000e+00 3.8497495732e+02 2.1088239099e+00
9.7210000000e+00 3.8579637568e+02 2.1085207914e+00
9.7180000000e+00 3.8661816018e+02 2.1082154638e+00
9.7150000000e+00 3.8744031048e+02 2.1079079382e+00
9.7120000000e+00 3.8826282626e+02 2.1075982253e+00
9.7090000000e+00 3.8908570720e+02 2.1072863360e+00
9.7070000000e+00 3.8990895297e+02 2.1072911460e+00
9.7040000000e+00 3.9073256325e+02 2.1069747522e+00
9.7010000000e+00 3.9155653772e+02 2.1066562145e+00
9.6980000000e+00 3.9238087606e+02 2.1063355435e+00
9.6950000000e+00 3.9320557794e+02 2.1060127498e+00
9.6920000000e+00 3.9403064305e+02 2.1056878440e+00
9.6900000000e+00 3.9485607106e+02 2.1056785778e+00
9.6870000000e+00 3.9568186166e+02 2.1053492964e+00
9.6840000000e+00 3.9650801452e+02 2.1050179345e+00
9.6810000000e+00 3.9733452934e+02 2.1046845023e+00
9.6780000000e+00 3.9816140579e+02 2.1043490103e+00
9.6750000000e+00 3.9898864356e+02 2.1040114687e+00
9.6730000000e+00 3.9981624233e+02 2.1039885132e+00
9.6700000000e+00 4.0064420179e+02 2.1036467216e+00
9.6670000000e+00 4.0147252163e+02 2.1033029110e+00
9.6640000000e+00 4.0230120152e+02 2.1029570916e+00
9.6610000000e+00 4.0313024117e+02 2.1026092735e+00
9.6580000000e+00 4.0395964025e+02 2.1022594665e+00
9.6560000000e+00 4.0478939845e+02 2.1022231988e+00
9.6530000000e+00 4.0561951547e+02 2.1018692641e+00
9.6500000000e+00 4.0644999100e+02 2.1015133704e+00
9.6470000000e+00 4.0728082472e+02 2.1011555276e+00
9.6440000000e+00 4.0811201632e+02 2.1007957455e+00
9.6410000000e+00 4.0894356551e+02 2.1004340337e+00
9.6390000000e+00 4.0977547197e+02 2.1003848209e+00
9.6360000000e+00 4.1060773539e+02 2.1000191003e+00
9.6330000000e+00 4.1144035547e+02 2.0996514791e+00
9.6300000000e+00 4.1227333190e+02 2.0992819669e+00
9.6270000000e+00 4.1310666438e+02 2.0989105732e+00
9.6250000000e+00 4.1394035261e+02 2.0988508130e+00
9.6220000000e+00 4.1477439628e+02 2.0984755072e+00
9.6190000000e+00 4.1560879509e+02 2.0980983482e+00
9.6160000000e+00 4.1644354873e+02 2.0977193455e+00
9.6140000000e+00 4.1727865692e+02 2.0976512829e+00
9.6110000000e+00 4.1811411933e+02 2.0972684440e+00
9.6080000000e+00 4.1894993568e+02 2.0968837893e+00
9.6050000000e+00 4.1978610567e+02 2.0964973278e+00
9.6020000000e+00 4.2062262899e+02 2.0961090688e+00
9.6000000000e+00 4.2145950535e+02 2.0960308930e+00
9.5970000000e+00 4.2229673445e+02 2.0956388907e+00
9.5940000000e+00 4.2313431599e+02 2.0952451181e+00
9.5910000000e+00 4.2397224968e+02 2.0948495840e+00
9.5880000000e+00 4.2481053522e+02 2.0944522974e+00
9.5860000000e+00 4.2564917232e+02 2.0943642425e+00
9.5830000000e+00 4.2648816068e+02 2.0939633034e+00
9.5800000000e+00 4.2732750001e+02 2.0935606386e+00
9.5770000000e+00 4.2816719001e+02 2.0931562566e+00
9.5750000000e+00 4.2900723039e+02 2.0930604238e+00
9.5720000000e+00 4.2984762087e+02 2.0926524607e+00
9.5690000000e+00 4.3068836114e+02 2.0922428066e+00
9.5660000000e+00 4.3152945092e+02 2.0918314701e+00
9.5640000000e+00 4.3237088991e+02 2.0917280037e+00
9.5610000000e+00 4.3321267784e+02 2.0913131561e+00
9.5580000000e+00 4.3405481440e+02 2.0908966517e+00
9.5550000000e+00 4.3489729931e+02 2.0904784991e+00
9.5530000000e+00 4.3574013229e+02 2.0903675408e+00
9.5500000000e+00 4.3658331304e+02 2.0899459457e+00
9.5470000000e+00 4.3742684128e+02 2.0895227276e+00
9.5440000000e+00 4.3827071672e+02 2.0890978947e+00
9.5420000000e+00 4.3911493908e+02 2.0889795836e+00
9.5390000000e+00 4.3995950807e+02 2.0885513758e+00
9.5360000000e+00 4.4080442341e+02 2.0881215778e+00
9.5340000000e+00 4.4164968481e+02 2.0879977938e+00
9.5310000000e+00 4.4249529200e+02 2.0875646709e+00
9.5280000000e+00 4.4334124468e+02 2.0871299824e+00
9.5250000000e+00 4.4418754258e+02 2.0866937362e+00
9.5230000000e+00 4.4503418541e+02 2.0865628373e+00
9.5200000000e+00 4.4588117290e+02 2.0861233316e+00
9.5170000000e+00 4.4672850476e+02 2.0856822921e+00
9.5150000000e+00 4.4757618072e+02 2.0855460964e+00
9.5120000000e+00 4.4842420049e+02 2.0851018457e+00
9.5090000000e+00 4.4927256380e+02 2.0846560849e+00
9.5060000000e+00 4.5012127036e+02 2.0842088218e+00
9.5040000000e+00 4.5097031991e+02 2.0840657420e+00
9.5010000000e+00 4.5181971216e+02 2.0836153310e+00
9.4980000000e+00 4.5266944684e+02 2.0831634409e+00
9.4960000000e+00 4.5351952367e+02 2.0830152350e+00
9.4930000000e+00 4.5436994238e+02 2.0825602438e+00
9.4900000000e+00 4.5522070269e+02 2.0821037963e+00
9.4880000000e+00 4.5607180433e+02 2.0819505360e+00
9.4850000000e+00 4.5692324703e+02 2.0814910338e+00
9.4820000000e+00 4.5777503050e+02 2.0810300978e+00
9.4800000000e+00 4.5862715449e+02 2.0808718538e+00
9.4770000000e+00 4.5947961871e+02 2.0804079086e+00
9.4740000000e+00 4.6033242290e+02 2.0799425520e+00
9.4710000000e+00 4.6118556678e+02 2.0794757912e+00
9.4690000000e+00 4.6203905009e+02 2.0793110732e+00
9.4660000000e+00 4.6289287255e+02 2.0788413628e+00
9.4630000000e+00 4.6374703390e+02 2.0783702700e+00
9.4610000000e+00 4.6460153386e+02 2.0782007297e+00
9.4580000000e+00 4.6545637217e+02 2.0777267314e+00
9.4560000000e+00 4.6631154857e+02 2.0775539516e+00
9.4530000000e+00 4.6716706278e+02 2.0770770772e+00
9.4500000000e+00 4.6802291454e+02 2.0765988563e+00
9.4480000000e+00 4.6887910357e+02 2.0764213666e+00
9.4450000000e+00 4.6973562963e+02 2.0759403126e+00
9.4420000000e+00 4.7059249243e+02 2.0754579332e+00
9.4400000000e+00 4.7144969173e+02 2.0752757997e+00
9.4370000000e+00 4.7230722724e+02 2.0747906298e+00
9.4340000000e+00 4.7316509871e+02 2.0743041551e+00
9.4320000000e+00 4.7402330588e+02 2.0741174432e+00
9.4290000000e+00 4.7488184849e+02 2.0736282200e+00
9.4260000000e+00 4.7574072626e+02 2.0731377125e+00
9.4240000000e+00 4.7659993895e+02 2.0729464866e+00
9.4210000000e+00 4.7745948629e+02 2.0724532720e+00
9.4190000000e+00 4.7831936801e+02 2.0722590113e+00
9.4160000000e+00 4.7917958386e+02 2.0717631170e+00
9.4130000000e+00 4.8004013359e+02 2.0712659720e+00
9.4110000000e+00 4.8090101692e+02 2.0710673031e+00
9.4080000000e+00 4.8176223361e+02 2.0705675189e+00
9.4050000000e+00 4.8262378339e+02 2.0700665035e+00
9.4030000000e+00 4.8348566602e+02 2.0698634886e+00
9.4000000000e+00 4.8434788122e+02 2.0693598740e+00
9.3980000000e+00 4.8521042874e+02 2.0691539356e+00
9.3950000000e+00 4.8607330834e+02 2.0686477482e+00
9.3920000000e+00 4.8693651974e+02 2.0681403620e+00
9.3900000000e+00 4.8780006271e+02 2.0679301797e+00
9.3870000000e+00 4.8866393698e+02 2.0674202596e+00
9.3850000000e+00 4.8952814229e+02 2.0672072216e+00
9.3820000000e+00 4.9039267841e+02 2.0666947936e+00
9.3790000000e+00 4.9125754507e+02 2.0661811983e+00
9.3770000000e+00 4.9212274202e+02 2.0659640162e+00
9.3740000000e+00 4.9298826900e+02 2.0654479511e+00
9.3720000000e+00 4.9385412578e+02 2.0652279794e+00
9.3690000000e+00 4.9472031209e+02 2.0647094697e+00
9.3670000000e+00 4.9558682769e+02 2.0644867346e+00
9.3640000000e+00 4.9645367232e+02 2.0639658054e+00
9.3610000000e+00 4.9732084574e+02 2.0634437520e+00
9.3590000000e+00 4.9818834770e+02 2.0632170091e+00
9.3560000000e+00 4.9905617794e+02 2.0626925730e+00
9.3540000000e+00 4.9992433623e+02 2.0624631309e+00
9.3510000000e+00 5.0079282231e+02 2.0619363367e+00
9.3490000000e+00 5.0166163593e+02 2.0617042209e+00
9.3460000000e+00 5.0253077685e+02 2.0611750928e+00
9.3430000000e+00 5.0340024483e+02 2.0606448820e+00
9.3410000000e+00 5.0427003961e+02 2.0604088904e+00
9.3380000000e+00 5.0514016095e+02 2.0598763814e+00
9.3360000000e+00 5.0601060860e+02 2.0596377783e+00
9.3330000000e+00 5.0688138233e+02 2.0591029948e+00
9.3310000000e+00 5.0775248189e+02 2.0588618048e+00
9.3280000000e+00 5.0862390703e+02 2.0583247704e+00
9.3260000000e+00 5.0949565751e+02 2.0580810179e+00
9.3230000000e+00 5.1036773309e+02 2.0575417557e+00
9.3210000000e+00 5.1124013352e+02 2.0572954649e+00
9.3180000000e+00 5.1211285857e+02 2.0567539980e+00
9.3150000000e+00 5.1298590799e+02 2.0562115112e+00
9.3130000000e+00 5.1385928155e+02 2.0559615442e+00
9.3100000000e+00 5.1473297899e+02 2.0554168867e+00
9.3080000000e+00 5.1560700009e+02 2.0551644407e+00
9.3050000000e+00 5.1648134460e+02 2.0546176350e+00
9.3030000000e+00 5.1735601228e+02 2.0543627334e+00
9.3000000000e+00 5.1823100290e+02 2.0538138018e+00
9.2980000000e+00 5.1910631621e+02 2.0535564679e+00
9.2950000000e+00 5.1998195198e+02 2.0530054325e+00
9.2930000000e+00 5.2085790997e+02 2.0527456893e+00
9.2900000000e+00 5.2173418995e+02 2.0521925721e+00
9.2880000000e+00 5.2261079167e+02 2.0519304424e+00
9.2850000000e+00 5.2348771491e+02 2.0513752651e+00
9.2830000000e+00 5.2436495942e+02 2.0511107716e+00
9.2800000000e+00 5.2524252497e+02 2.0505535556e+00
9.2780000000e+00 5.2612041133e+02 2.0502867208e+00
9.2750000000e+00 5.2699861826e+02 2.0497274875e+00
9.2730000000e+00 5.2787714553e+02 2.0494583335e+00
9.2700000000e+00 5.2875599291e+02 2.0488971041e+00
9.2680000000e+00 5.2963516015e+02 2.0486256529e+00
9.2650000000e+00 5.3051464704e+02 2.0480624482e+00
9.2630000000e+00 5.3139445333e+02 2.0477887218e+00
9.2600000000e+00 5.3227457880e+02 2.0472235626e+00
9.2580000000e+00 5.3315502321e+02 2.0469475826e+00
9.2550000000e+00 5.3403578633e+02 2.0463804894e+00
9.2530000000e+00 5.3491686794e+02 2.0461022772e+00
9.2510000000e+00 5.3579826780e+02 2.0458228737e+00
9.2480000000e+00 5.3667998568e+02 2.0452528473e+00
9.2460000000e+00 5.3756202136e+02 2.0449712438e+00
9.2430000000e+00 5.3844437460e+02 2.0443993342e+00
9.2410000000e+00 5.3932704517e+02 2.0441155515e+00
9.2380000000e+00 5.4021003286e+02 2.0435417786e+00
9.2360000000e+00 5.4109333742e+02 2.0432558377e+00
9.2330000000e+00 5.4197695864e+02 2.0426802211e+00
9.2310000000e+00 5.4286089629e+02 2.0423921425e+00
9.2280000000e+00 5.4374515013e+02 2.0418147019e+00
9.2260000000e+00 5.4462971995e+02 2.0415245061e+00
9.2240000000e+00 5.4551460552e+02 2.0412331774e+00
9.2210000000e+00 5.4639980661e+02 2.0406529679e+00
9.2190000000e+00 5.4728532300e+02 2.0403595525e+00
9.2160000000e+00 5.4817115447e+02 2.0397775672e+00
9.2140000000e+00 5.4905730078e+02 2.0394820852e+00
9.2110000000e+00 5.4994376172e+02 2.0388983430e+00
9.2090000000e+00 5.5083053707e+02 2.0386008141e+00
9.2070000000e+00 5.5171762659e+02 2.0383021881e+00
9.2040000000e+00 5.5260503008e+02 2.0377157775e+00
9.2020000000e+00 5.5349274730e+02 2.0374151343e+00
9.1990000000e+00 5.5438077804e+02 2.0368270135e+00
9.1970000000e+00 5.5526912207e+02 2.0365243725e+00
9.1940000000e+00 5.5615777917e+02 2.0359345597e+00
9.1920000000e+00 5.5704674913e+02 2.0356299401e+00
9.1900000000e+00 5.5793603171e+02 2.0353242581e+00
9.1870000000e+00 5.5882562671e+02 2.0347318742e+00
9.1850000000e+00 5.5971553391e+02 2.0344242423e+00
9.1820000000e+00 5.6060575308e+02 2.0338302117e+00
9.1800000000e+00 5.6149628400e+02 2.0335206487e+00
9.1780000000e+00 5.6238712646e+02 2.0332100476e+00
9.1750000000e+00 5.6327828024e+02 2.0326135136e+00
9.1730000000e+00 5.6416974513e+02 2.0323010095e+00
9.1700000000e+00 5.6506152090e+02 2.0317028730e+00
9.1680000000e+00 5.6595360734e+02 2.0313884842e+00
9.1660000000e+00 5.6684600423e+02 2.0310730810e+00
9.1630000000e+00 5.6773871136e+02 2.0304725073e+00
9.1610000000e+00 5.6863172851e+02 2.0301552469e+00
9.1590000000e+00 5.6952505547e+02 2.0298369862e+00
9.1560000000e+00 5.7041869202e+02 2.0292340143e+00
9.1540000000e+00 5.7131263795e+02 2.0289139235e+00
9.1510000000e+00 5.7220689304e+02 2.0283094179e+00
9.1490000000e+00 5.7310145708e+02 2.0279875148e+00
9.1470000000e+00 5.7399632986e+02 2.0276646342e+00
9.1440000000e+00 5.7489151116e+02 2.0270577942e+00
9.1420000000e+00 5.7578700077e+02 2.0267331278e+00
9.1400000000e+00 5.7668279848e+02 2.0264074974e+00
9.1370000000e+00 5.7757890408e+02 2.0257983608e+00
9.1350000000e+00 5.7847531735e+02 2.0254709708e+00
9.1330000000e+00 5.7937203809e+02 2.0251426302e+00
9.1300000000e+00 5.8026906609e+02 2.0245312341e+00
9.1280000000e+00 5.8116640112e+02 2.0242011598e+00
9.1250000000e+00 5.8206404299e+02 2.0235883204e+00
9.1230000000e+00 5.8296199149e+02 2.0232565292e+00
9.1210000000e+00 5.8386024640e+02 2.0229238092e+00
9.1180000000e+00 5.8475880751e+02 2.0223087709e+00
9.1160000000e+00 5.8565767462e+02 2.0219743593e+00
9.1140000000e+00 5.8655684752e+02 2.0216390319e+00
9.1110000000e+00 5.8745632601e+02 2.0210218305e+00
9.1090000000e+00 5.8835610986e+02 2.0206848364e+00
9.1070000000e+00 5.8925619889e+02 2.0203469392e+00
9.1050000000e+00 5.9015659287e+02 2.0200081431e+00
9.1020000000e+00 5.9105729161e+02 2.0193880709e+00
9.1000000000e+00 5.9195829489e+02 2.0190476411e+00
9.0980000000e+00 5.9285960252e+02 2.0187063249e+00
9.0950000000e+00 5.9376121428e+02 2.0180841716e+00
9.0930000000e+00 5.9466312997e+02 2.0177412459e+00
9.0910000000e+00 5.9556534939e+02 2.0173974463e+00
9.0880000000e+00 5.9646787233e+02 2.0167732461e+00
9.0860000000e+00 5.9737069859e+02 2.0164278607e+00
9.0840000000e+00 5.9827382797e+02 2.0160816136e+00
9.0810000000e+00 5.9917726025e+02 2.0154554004e+00
9.0790000000e+00 6.0008099525e+02 2.0151075911e+00
9.0770000000e+00 6.0098503274e+02 2.0147589321e+00
9.0750000000e+00 6.0188937255e+02 2.0144094275e+00
9.0720000000e+00 6.0279401445e+02 2.0137805412e+00
