0.0000000000e+00 -5.9049320264e+01 0.0000000000e+00
0.0000000000e+00 -5.8628862824e+01 0.0000000000e+00
0.0000000000e+00 -5.8207707527e+01 0.0000000000e+00
0.0000000000e+00 -5.7785856678e+01 0.0000000000e+00
0.0000000000e+00 -5.7363312563e+01 0.0000000000e+00
0.0000000000e+00 -5.6940077450e+01 0.0000000000e+00
0.0000000000e+00 -5.6516153588e+01 0.0000000000e+00
0.0000000000e+00 -5.6091543208e+01 0.0000000000e+00
0.0000000000e+00 -5.5666248521e+01 0.0000000000e+00
0.0000000000e+00 -5.5240271724e+01 0.0000000000e+00
0.0000000000e+00 -5.4813614995e+01 0.0000000000e+00
0.0000000000e+00 -5.4386280492e+01 0.0000000000e+00
0.0000000000e+00 -5.3958270359e+01 0.0000000000e+00
0.0000000000e+00 -5.3529586724e+01 0.0000000000e+00
0.0000000000e+00 -5.3100231694e+01 0.0000000000e+00
0.0000000000e+00 -5.2670207364e+01 0.0000000000e+00
0.0000000000e+00 -5.2239515811e+01 0.0000000000e+00
0.0000000000e+00 -5.1808159095e+01 0.0000000000e+00
0.0000000000e+00 -5.1376139262e+01 0.0000000000e+00
0.0000000000e+00 -5.0943458340e+01 0.0000000000e+00
0.0000000000e+00 -5.0510118345e+01 0.0000000000e+00
0.0000000000e+00 -5.0076121274e+01 0.0000000000e+00
0.0000000000e+00 -4.9641469112e+01 0.0000000000e+00
0.0000000000e+00 -4.9206163827e+01 0.0000000000e+00
0.0000000000e+00 -4.8770207373e+01 0.0000000000e+00
0.0000000000e+00 -4.8333601689e+01 0.0000000000e+00
0.0000000000e+00 -4.7896348701e+01 0.0000000000e+00
0.0000000000e+00 -4.7458450320e+01 0.0000000000e+00
0.0000000000e+00 -4.7019908441e+01 0.0000000000e+00
0.0000000000e+00 -4.6580724950e+01 0.0000000000e+00
0.0000000000e+00 -4.6140901713e+01 0.0000000000e+00
0.0000000000e+00 -4.5700440588e+01 0.0000000000e+00
0.0000000000e+00 -4.5259343416e+01 0.0000000000e+00
0.0000000000e+00 -4.4817612027e+01 0.0000000000e+00
0.0000000000e+00 -4.4375248237e+01 0.0000000000e+00
0.0000000000e+00 -4.3932253848e+01 0.0000000000e+00
0.0000000000e+00 -4.3488630650e+01 0.0000000000e+00
0.0000000000e+00 -4.3044380422e+01 0.0000000000e+00
0.0000000000e+00 -4.2599504929e+01 0.0000000000e+00
0.0000000000e+00 -4.2154005922e+01 0.0000000000e+00
0.0000000000e+00 -4.1707885143e+01 0.0000000000e+00
0.0000000000e+00 -4.1261144319e+01 0.0000000000e+00
0.0000000000e+00 -4.0813785168e+01 0.0000000000e+00
0.0000000000e+00 -4.0365809394e+01 0.0000000000e+00
0.0000000000e+00 -3.9917218689e+01 0.0000000000e+00
0.0000000000e+00 -3.9468014735e+01 0.0000000000e+00
0.0000000000e+00 -3.9018199202e+01 0.0000000000e+00
0.0000000000e+00 -3.8567773748e+01 0.0000000000e+00
0.0000000000e+00 -3.8116740021e+01 0.0000000000e+00
0.0000000000e+00 -3.7665099657e+01 0.0000000000e+00
0.0000000000e+00 -3.7212854281e+01 0.0000000000e+00
0.0000000000e+00 -3.6760005508e+01 0.0000000000e+00
0.0000000000e+00 -3.6306554941e+01 0.0000000000e+00
0.0000000000e+00 -3.5852504174e+01 0.0000000000e+00
0.0000000000e+00 -3.5397854789e+01 0.0000000000e+00
0.0000000000e+00 -3.4942608358e+01 0.0000000000e+00
0.0000000000e+00 -3.4486766443e+01 0.0000000000e+00
0.0000000000e+00 -3.4030330596e+01 0.0000000000e+00
0.0000000000e+00 -3.3573302359e+01 0.0000000000e+00
0.0000000000e+00 -3.3115683263e+01 0.0000000000e+00
0.0000000000e+00 -3.2657474831e+01 0.0000000000e+00
0.0000000000e+00 -3.2198678574e+01 0.0000000000e+00
0.0000000000e+00 -3.1739295994e+01 0.0000000000e+00
0.0000000000e+00 -3.1279328586e+01 0.0000000000e+00
0.0000000000e+00 -3.0818777831e+01 0.0000000000e+00
0.0000000000e+00 -3.0357645204e+01 0.0000000000e+00
0.0000000000e+00 -2.9895932171e+01 0.0000000000e+00
0.0000000000e+00 -2.9433640186e+01 0.0000000000e+00
0.0000000000e+00 -2.8970770695e+01 0.0000000000e+00
0.0000000000e+00 -2.8507325137e+01 0.0000000000e+00
0.0000000000e+00 -2.8043304940e+01 0.0000000000e+00
0.0000000000e+00 -2.7578711524e+01 0.0000000000e+00
0.0000000000e+00 -2.7113546300e+01 0.0000000000e+00
0.0000000000e+00 -2.6647810669e+01 0.0000000000e+00
0.0000000000e+00 -2.6181506026e+01 0.0000000000e+00
0.0000000000e+00 -2.5714633757e+01 0.0000000000e+00
0.0000000000e+00 -2.5247195237e+01 0.0000000000e+00
0.0000000000e+00 -2.4779191837e+01 0.0000000000e+00
0.0000000000e+00 -2.4310624915e+01 0.0000000000e+00
0.0000000000e+00 -2.3841495824e+01 0.0000000000e+00
0.0000000000e+00 -2.3371805909e+01 0.0000000000e+00
0.0000000000e+00 -2.2901556505e+01 0.0000000000e+00
0.0000000000e+00 -2.2430748941e+01 0.0000000000e+00
0.0000000000e+00 -2.1959384536e+01 0.0000000000e+00
0.0000000000e+00 -2.1487464604e+01 0.0000000000e+00
0.0000000000e+00 -2.1014990449e+01 0.0000000000e+00
0.0000000000e+00 -2.0541963369e+01 0.0000000000e+00
0.0000000000e+00 -2.0068384653e+01 0.0000000000e+00
0.0000000000e+00 -1.9594255582e+01 0.0000000000e+00
0.0000000000e+00 -1.9119577433e+01 0.0000000000e+00
0.0000000000e+00 -1.8644351472e+01 0.0000000000e+00
0.0000000000e+00 -1.8168578959e+01 0.0000000000e+00
0.0000000000e+00 -1.7692261148e+01 0.0000000000e+00
0.0000000000e+00 -1.7215399283e+01 0.0000000000e+00
0.0000000000e+00 -1.6737994603e+01 0.0000000000e+00
0.0000000000e+00 -1.6260048341e+01 0.0000000000e+00
0.0000000000e+00 -1.5781561720e+01 0.0000000000e+00
0.0000000000e+00 -1.5302535959e+01 0.0000000000e+00
0.0000000000e+00 -1.4822972268e+01 0.0000000000e+00
0.0000000000e+00 -1.4342871851e+01 0.0000000000e+00
0.0000000000e+00 -1.3862235906e+01 0.0000000000e+00
0.0000000000e+00 -1.3381065624e+01 0.0000000000e+00
0.0000000000e+00 -1.2899362188e+01 0.0000000000e+00
0.0000000000e+00 -1.2417126776e+01 0.0000000000e+00
0.0000000000e+00 -1.1934360559e+01 0.0000000000e+00
0.0000000000e+00 -1.1451064702e+01 0.0000000000e+00
0.0000000000e+00 -1.0967240364e+01 0.0000000000e+00
0.0000000000e+00 -1.0482888696e+01 0.0000000000e+00
0.0000000000e+00 -9.9980108438e+00 0.0000000000e+00
0.0000000000e+00 -9.5126079474e+00 0.0000000000e+00
0.0000000000e+00 -9.0266811399e+00 0.0000000000e+00
0.0000000000e+00 -8.5402315487e+00 0.0000000000e+00
0.0000000000e+00 -8.0532602951e+00 0.0000000000e+00
0.0000000000e+00 -7.5657684942e+00 0.0000000000e+00
0.0000000000e+00 -7.0777572555e+00 0.0000000000e+00
0.0000000000e+00 -6.5892276823e+00 0.0000000000e+00
0.0000000000e+00 -6.1001808723e+00 0.0000000000e+00
0.0000000000e+00 -5.6106179172e+00 0.0000000000e+00
0.0000000000e+00 -5.1205399031e+00 0.0000000000e+00
0.0000000000e+00 -4.6299479104e+00 0.0000000000e+00
0.0000000000e+00 -4.1388430137e+00 0.0000000000e+00
0.0000000000e+00 -3.6472262822e+00 0.0000000000e+00
0.0000000000e+00 -3.1550987794e+00 0.0000000000e+00
0.0000000000e+00 -2.6624615634e+00 0.0000000000e+00
0.0000000000e+00 -2.1693156868e+00 0.0000000000e+00
0.0000000000e+00 -1.6756621966e+00 0.0000000000e+00
0.0000000000e+00 -1.1815021349e+00 0.0000000000e+00
0.0000000000e+00 -6.8683653785e-01 0.0000000000e+00
0.0000000000e+00 -1.9166643683e-01 0.0000000000e+00
6.7900000000e-01 3.0400714228e-01 5.7546597853e-04
1.0970000000e+00 8.0018317873e-01 2.4276923850e-03
1.3910000000e+00 1.2968606570e+00 4.9540459530e-03
1.6310000000e+00 1.7940385665e+00 7.9946411416e-03
1.8380000000e+00 2.2917159019e+00 1.1453923135e-02
2.0220000000e+00 2.7898916629e+00 1.5266999799e-02
2.1880000000e+00 3.2885648541e+00 1.9366699736e-02
2.3410000000e+00 3.7877344851e+00 2.3747813482e-02
2.4830000000e+00 4.2873995703e+00 2.8369940594e-02
2.6160000000e+00 4.7875591293e+00 3.3216316702e-02
2.7410000000e+00 5.2882121861e+00 3.8254087369e-02
2.8590000000e+00 5.7893577699e+00 4.3461848508e-02
2.9710000000e+00 6.2909949144e+00 4.8830354201e-02
3.0780000000e+00 6.7931226581e+00 5.4362902522e-02
3.1810000000e+00 7.2957400443e+00 6.0075539013e-02
3.2790000000e+00 7.7988461207e+00 6.5878854064e-02
3.3730000000e+00 8.3024399398e+00 7.1793785921e-02
3.4630000000e+00 8.8065205587e+00 7.7788411872e-02
3.5510000000e+00 9.3110870390e+00 8.3968958038e-02
3.6350000000e+00 9.8161384468e+00 9.0177261681e-02
3.7170000000e+00 1.0321673853e+01 9.6532033200e-02
3.7950000000e+00 1.0827692331e+01 1.0286103181e-01
3.8720000000e+00 1.1334192963e+01 1.0937808040e-01
3.9460000000e+00 1.1841174830e+01 1.1590714654e-01
4.0180000000e+00 1.2348637022e+01 1.2251286970e-01
4.0880000000e+00 1.2856578631e+01 1.2918045954e-01
4.1560000000e+00 1.3364998753e+01 1.3589497677e-01
4.2220000000e+00 1.3873896490e+01 1.4264138031e-01
4.2870000000e+00 1.4383270947e+01 1.4950562770e-01
4.3500000000e+00 1.4893121232e+01 1.5637749204e-01
4.4110000000e+00 1.5403446460e+01 1.6324173511e-01
4.4710000000e+00 1.5914245748e+01 1.7019308890e-01
4.5290000000e+00 1.6425518218e+01 1.7711224653e-01
4.5860000000e+00 1.6937262996e+01 1.8409970976e-01
4.6420000000e+00 1.7449479211e+01 1.9114887176e-01
4.6960000000e+00 1.7962165997e+01 1.9813175199e-01
4.7490000000e+00 1.8475322493e+01 2.0515736913e-01
4.8010000000e+00 1.8988947838e+01 2.1221901103e-01
4.8520000000e+00 1.9503041180e+01 2.1930993420e-01
4.9020000000e+00 2.0017601668e+01 2.2642337311e-01
4.9510000000e+00 2.0532628455e+01 2.3355254916e-01
4.9990000000e+00 2.1048120697e+01 2.4069067940e-01
5.0460000000e+00 2.1564077557e+01 2.4783098499e-01
5.0920000000e+00 2.2080498199e+01 2.5496669937e-01
5.1370000000e+00 2.2597381792e+01 2.6209107621e-01
5.1820000000e+00 2.3114727507e+01 2.6934505039e-01
5.2250000000e+00 2.3632534520e+01 2.7642909573e-01
5.2680000000e+00 2.4150802011e+01 2.8363431988e-01
5.3090000000e+00 2.4669529163e+01 2.9065133129e-01
5.3500000000e+00 2.5188715164e+01 2.9778114847e-01
5.3910000000e+00 2.5708359203e+01 3.0502439063e-01
5.4300000000e+00 2.6228460474e+01 3.1205724631e-01
5.4690000000e+00 2.6749018174e+01 3.1919516579e-01
5.5070000000e+00 2.7270031506e+01 3.2627184059e-01
5.5450000000e+00 2.7791499673e+01 3.3344991365e-01
5.5820000000e+00 2.8313421883e+01 3.4055845034e-01
5.6180000000e+00 2.8835797348e+01 3.4759106926e-01
5.6540000000e+00 2.9358625282e+01 3.5471725814e-01
5.6890000000e+00 2.9881904903e+01 3.6175935983e-01
5.7230000000e+00 3.0405635434e+01 3.6871114545e-01
5.7570000000e+00 3.0929816099e+01 3.7574873462e-01
5.7910000000e+00 3.1454446126e+01 3.8287240636e-01
5.8230000000e+00 3.1979524747e+01 3.8970936945e-01
5.8560000000e+00 3.2505051197e+01 3.9681305748e-01
5.8870000000e+00 3.3031024713e+01 4.0361799720e-01
5.9190000000e+00 3.3557444537e+01 4.1069007951e-01
5.9500000000e+00 3.4084309914e+01 4.1764622081e-01
5.9800000000e+00 3.4611620091e+01 4.2448053073e-01
6.0100000000e+00 3.5139374319e+01 4.3138585462e-01
6.0390000000e+00 3.5667571852e+01 4.3816174365e-01
6.0680000000e+00 3.6196211947e+01 4.4500500941e-01
6.0970000000e+00 3.6725293865e+01 4.5191576793e-01
6.1250000000e+00 3.7254816868e+01 4.5868778977e-01
6.1520000000e+00 3.7784780224e+01 4.6531551830e-01
6.1800000000e+00 3.8315183201e+01 4.7221349153e-01
6.2070000000e+00 3.8846025072e+01 4.7896360766e-01
6.2330000000e+00 3.9377305113e+01 4.8556042081e-01
6.2590000000e+00 3.9909022601e+01 4.9221404258e-01
6.2850000000e+00 4.0441176819e+01 4.9892452022e-01
6.3100000000e+00 4.0973767050e+01 5.0547290022e-01
6.3350000000e+00 4.1506792582e+01 5.1207468296e-01
6.3600000000e+00 4.2040252706e+01 5.1872989463e-01
6.3840000000e+00 4.2574146713e+01 5.2521439720e-01
6.4080000000e+00 4.3108473900e+01 5.3174893672e-01
6.4320000000e+00 4.3643233567e+01 5.3833352135e-01
6.4550000000e+00 4.4178425014e+01 5.4473898576e-01
6.4780000000e+00 4.4714047545e+01 5.5119117334e-01
6.5000000000e+00 4.5250100469e+01 5.5745769195e-01
6.5230000000e+00 4.5786583095e+01 5.6400166521e-01
6.5450000000e+00 4.6323494735e+01 5.7035672566e-01
6.5670000000e+00 4.6860834706e+01 5.7675523869e-01
6.5880000000e+00 4.7398602325e+01 5.8295847076e-01
6.6090000000e+00 4.7936796914e+01 5.8920199696e-01
6.6300000000e+00 4.8475417796e+01 5.9548578739e-01
6.6510000000e+00 4.9014464297e+01 6.0180980852e-01
6.6710000000e+00 4.9553935747e+01 6.0792926372e-01
6.6910000000e+00 5.0093831476e+01 6.1408587772e-01
6.7110000000e+00 5.0634150820e+01 6.2027960927e-01
6.7300000000e+00 5.1174893114e+01 6.2626129957e-01
6.7500000000e+00 5.1716057698e+01 6.3252766260e-01
6.7690000000e+00 5.2257643915e+01 6.3857900749e-01
6.7870000000e+00 5.2799651109e+01 6.4441104642e-01
6.8060000000e+00 5.3342078626e+01 6.5052902120e-01
6.8240000000e+00 5.3884925817e+01 6.5642481797e-01
6.8420000000e+00 5.4428192033e+01 6.6235173526e-01
6.8600000000e+00 5.4971876630e+01 6.6830971695e-01
6.8780000000e+00 5.5515978963e+01 6.7429870435e-01
6.8950000000e+00 5.6060498394e+01 6.8005716665e-01
6.9120000000e+00 5.6605434283e+01 6.8584386903e-01
6.9290000000e+00 5.7150785995e+01 6.9165875117e-01
6.9460000000e+00 5.7696552897e+01 6.9750175059e-01
6.9620000000e+00 5.8242734359e+01 7.0310622036e-01
6.9790000000e+00 5.8789329751e+01 7.0900397204e-01
6.9950000000e+00 5.9336338449e+01 7.1466054252e-01
7.0110000000e+00 5.9883759827e+01 7.2034244956e-01
7.0260000000e+00 6.0431593266e+01 7.2577812159e-01
7.0420000000e+00 6.0979838146e+01 7.3150927554e-01
7.0570000000e+00 6.1528493850e+01 7.3699166233e-01
7.0720000000e+00 6.2077559765e+01 7.4249672224e-01
7.0870000000e+00 6.2627035277e+01 7.4802438876e-01
7.1020000000e+00 6.3176919778e+01 7.5357459380e-01
7.1160000000e+00 6.3727212660e+01 7.5886875746e-01
7.1310000000e+00 6.4277913317e+01 7.6446266995e-01
7.1450000000e+00 6.4829021147e+01 7.6979813549e-01
7.1590000000e+00 6.5380535549e+01 7.7515359760e-01
7.1730000000e+00 6.5932455924e+01 7.8052898827e-01
7.1870000000e+00 6.6484781676e+01 7.8592423812e-01
7.2000000000e+00 6.7037512211e+01 7.9105415830e-01
7.2140000000e+00 6.7590646937e+01 7.9648782099e-01
7.2270000000e+00 6.8144185264e+01 8.0165388065e-01
7.2400000000e+00 6.8698126604e+01 8.0683738896e-01
7.2530000000e+00 6.9252470371e+01 8.1203827838e-01
7.2660000000e+00 6.9807215983e+01 8.1725648023e-01
7.2780000000e+00 7.0362362858e+01 8.2220059833e-01
7.2910000000e+00 7.0917910416e+01 8.2745218967e-01
7.3030000000e+00 7.1473858081e+01 8.3242756014e-01
7.3150000000e+00 7.2030205277e+01 8.3741797166e-01
7.3270000000e+00 7.2586951432e+01 8.4242335881e-01
7.3390000000e+00 7.3144095974e+01 8.4744365531e-01
7.3510000000e+00 7.3701638335e+01 8.5247879392e-01
7.3620000000e+00 7.4259577947e+01 8.5723061334e-01
7.3740000000e+00 7.4817914246e+01 8.6229427586e-01
7.3850000000e+00 7.5376646669e+01 8.6707262506e-01
7.3960000000e+00 7.5935774655e+01 8.7186369221e-01
7.4070000000e+00 7.6495297645e+01 8.7666741465e-01
7.4180000000e+00 7.7055215083e+01 8.8148372901e-01
7.4290000000e+00 7.7615526412e+01 8.8631257121e-01
7.4400000000e+00 7.8176231081e+01 8.9115387644e-01
7.4500000000e+00 7.8737328538e+01 8.9570231790e-01
7.4610000000e+00 7.9298818234e+01 9.0056746935e-01
7.4710000000e+00 7.9860699621e+01 9.0513791278e-01
7.4810000000e+00 8.0422972155e+01 9.0971885089e-01
7.4910000000e+00 8.0985635291e+01 9.1431022455e-01
7.5010000000e+00 8.1548688489e+01 9.1891197408e-01
7.5110000000e+00 8.2112131209e+01 9.2352403923e-01
7.5210000000e+00 8.2675962912e+01 9.2814635924e-01
7.5310000000e+00 8.3240183063e+01 9.3277887276e-01
7.5400000000e+00 8.3804791128e+01 9.3710885064e-01
7.5490000000e+00 8.4369786574e+01 9.4144732906e-01
7.5590000000e+00 8.4935168871e+01 9.4610844045e-01
7.5680000000e+00 8.5500937491e+01 9.5046451297e-01
7.5770000000e+00 8.6067091906e+01 9.5482892012e-01
7.5860000000e+00 8.6633631591e+01 9.5920160673e-01
7.5950000000e+00 8.7200556023e+01 9.6358251721e-01
7.6040000000e+00 8.7767864680e+01 9.6797159559e-01
7.6120000000e+00 8.8335557044e+01 9.7205011238e-01
7.6210000000e+00 8.8903632595e+01 9.7645461982e-01
7.6290000000e+00 8.9472090817e+01 9.8054702893e-01
7.6380000000e+00 9.0040931197e+01 9.8496674901e-01
7.6460000000e+00 9.0610153221e+01 9.8907284447e-01
7.6540000000e+00 9.1179756378e+01 9.9318536504e-01
7.6620000000e+00 9.1749740159e+01 9.9730426120e-01
7.6700000000e+00 9.2320104055e+01 1.0014294831e+00
7.6780000000e+00 9.2890847562e+01 1.0055609807e+00
7.6860000000e+00 9.3461970175e+01 1.0096987036e+00
7.6940000000e+00 9.4033471391e+01 1.0138426010e+00
7.7010000000e+00 9.4605350709e+01 1.0176664553e+00
7.7090000000e+00 9.5177607630e+01 1.0218218896e+00
7.7160000000e+00 9.5750241656e+01 1.0256559092e+00
7.7240000000e+00 9.6323252292e+01 1.0298226864e+00
7.7310000000e+00 9.6896639042e+01 1.0336666882e+00
7.7380000000e+00 9.7470401415e+01 1.0375153098e+00
7.7450000000e+00 9.8044538918e+01 1.0413685077e+00
7.7520000000e+00 9.8619051062e+01 1.0452262381e+00
7.7590000000e+00 9.9193937360e+01 1.0490884570e+00
7.7660000000e+00 9.9769197325e+01 1.0529551204e+00
7.7730000000e+00 1.0034483047e+02 1.0568261839e+00
7.7800000000e+00 1.0092083632e+02 1.0607016030e+00
7.7860000000e+00 1.0149721438e+02 1.0642479248e+00
7.7930000000e+00 1.0207396418e+02 1.0681313400e+00
7.7990000000e+00 1.0265108524e+02 1.0716844537e+00
7.8060000000e+00 1.0322857708e+02 1.0755756967e+00
7.8120000000e+00 1.0380643923e+02 1.0791354446e+00
7.8180000000e+00 1.0438467120e+02 1.0826981863e+00
7.8250000000e+00 1.0496327254e+02 1.0866005695e+00
7.8310000000e+00 1.0554224277e+02 1.0901697098e+00
7.8370000000e+00 1.0612158141e+02 1.0937417295e+00
7.8430000000e+00 1.0670128801e+02 1.0973165913e+00
7.8490000000e+00 1.0728136209e+02 1.1008942576e+00
7.8550000000e+00 1.0786180319e+02 1.1044746909e+00
7.8600000000e+00 1.0844261084e+02 1.1077180741e+00
7.8660000000e+00 1.0902378459e+02 1.1113034222e+00
7.8720000000e+00 1.0960532398e+02 1.1148914266e+00
7.8770000000e+00 1.1018722853e+02 1.1181408003e+00
7.8830000000e+00 1.1076949781e+02 1.1217335058e+00
7.8880000000e+00 1.1135213134e+02 1.1249865540e+00
7.8940000000e+00 1.1193512868e+02 1.1285838192e+00
7.8990000000e+00 1.1251848937e+02 1.1318404109e+00
7.9040000000e+00 1.1310221296e+02 1.1350985013e+00
7.9100000000e+00 1.1368629900e+02 1.1387020976e+00
7.9150000000e+00 1.1427074703e+02 1.1419635368e+00
7.9200000000e+00 1.1485555662e+02 1.1452263809e+00
7.9250000000e+00 1.1544072732e+02 1.1484905994e+00
7.9300000000e+00 1.1602625867e+02 1.1517561619e+00
7.9350000000e+00 1.1661215025e+02 1.1550230378e+00
7.9400000000e+00 1.1719840159e+02 1.1582911965e+00
7.9440000000e+00 1.1778501227e+02 1.1612135260e+00
7.9490000000e+00 1.1837198184e+02 1.1644837339e+00
7.9540000000e+00 1.1895930987e+02 1.1677551353e+00
7.9590000000e+00 1.1954699591e+02 1.1710276993e+00
7.9630000000e+00 1.2013503954e+02 1.1739526691e+00
7.9680000000e+00 1.2072344031e+02 1.1772270521e+00
7.9720000000e+00 1.2131219780e+02 1.1801529931e+00
7.9770000000e+00 1.2190131157e+02 1.1834290823e+00
7.9810000000e+00 1.2249078119e+02 1.1863558917e+00
7.9850000000e+00 1.2308060624e+02 1.1892829129e+00
7.9890000000e+00 1.2367078628e+02 1.1922101224e+00
7.9940000000e+00 1.2426132090e+02 1.1954888859e+00
7.9980000000e+00 1.2485220965e+02 1.1984167625e+00
8.0020000000e+00 1.2544345213e+02 1.2013447548e+00
8.0060000000e+00 1.2603504790e+02 1.2042728395e+00
8.0100000000e+00 1.2662699655e+02 1.2072009933e+00
8.0140000000e+00 1.2721929766e+02 1.2101291927e+00
8.0180000000e+00 1.2781195080e+02 1.2130574143e+00
8.0220000000e+00 1.2840495556e+02 1.2159856347e+00
8.0260000000e+00 1.2899831152e+02 1.2189138306e+00
8.0290000000e+00 1.2959201827e+02 1.2214874310e+00
8.0330000000e+00 1.3018607539e+02 1.2244151686e+00
8.0370000000e+00 1.3078048247e+02 1.2273428139e+00
8.0400000000e+00 1.3137523910e+02 1.2299148202e+00
8.0440000000e+00 1.3197034487e+02 1.2328418789e+00
8.0480000000e+00 1.3256579937e+02 1.2357687775e+00
8.0510000000e+00 1.3316160219e+02 1.2383390144e+00
8.0550000000e+00 1.3375775292e+02 1.2412651982e+00
8.0580000000e+00 1.3435425116e+02 1.2438340620e+00
8.0610000000e+00 1.3495109651e+02 1.2464020675e+00
8.0650000000e+00 1.3554828855e+02 1.2493268631e+00
8.0680000000e+00 1.3614582690e+02 1.2518933856e+00
8.0710000000e+00 1.3674371114e+02 1.2544589984e+00
8.0750000000e+00 1.3734194088e+02 1.2573822247e+00
8.0780000000e+00 1.3794051573e+02 1.2599462451e+00
8.0810000000e+00 1.3853943527e+02 1.2625093044e+00
8.0840000000e+00 1.3913869912e+02 1.2650713861e+00
8.0870000000e+00 1.3973830688e+02 1.2676324740e+00
8.0900000000e+00 1.4033825815e+02 1.2701925517e+00
8.0930000000e+00 1.4093855255e+02 1.2727516029e+00
8.0960000000e+00 1.4153918968e+02 1.2753096114e+00
8.0990000000e+00 1.4214016915e+02 1.2778665609e+00
8.1020000000e+00 1.4274149058e+02 1.2804224352e+00
8.1050000000e+00 1.4334315356e+02 1.2829772181e+00
8.1070000000e+00 1.4394515772e+02 1.2851694282e+00
8.1100000000e+00 1.4454750268e+02 1.2877217267e+00
8.1130000000e+00 1.4515018803e+02 1.2902728876e+00
8.1160000000e+00 1.4575321341e+02 1.2928228947e+00
8.1180000000e+00 1.4635657842e+02 1.2950092964e+00
8.1210000000e+00 1.4696028269e+02 1.2975567031e+00
8.1230000000e+00 1.4756432583e+02 1.2997400163e+00
8.1260000000e+00 1.4816870747e+02 1.3022847671e+00
8.1280000000e+00 1.4877342722e+02 1.3044649443e+00
8.1310000000e+00 1.4937848471e+02 1.3070069837e+00
8.1330000000e+00 1.4998387956e+02 1.3091839775e+00
8.1360000000e+00 1.5058961140e+02 1.3117232505e+00
8.1380000000e+00 1.5119567985e+02 1.3138970138e+00
8.1400000000e+00 1.5180208453e+02 1.3160690443e+00
8.1430000000e+00 1.5240882508e+02 1.3186039516e+00
8.1450000000e+00 1.5301590113e+02 1.3207726834e+00
8.1470000000e+00 1.5362331230e+02 1.3229396511e+00
8.1500000000e+00 1.5423105822e+02 1.3254700764e+00
8.1520000000e+00 1.5483913853e+02 1.3276336778e+00
8.1540000000e+00 1.5544755286e+02 1.3297954841e+00
8.1560000000e+00 1.5605630084e+02 1.3319554859e+00
8.1580000000e+00 1.5666538211e+02 1.3341136734e+00
8.1600000000e+00 1.5727479629e+02 1.3362700372e+00
8.1620000000e+00 1.5788454304e+02 1.3384245677e+00
8.1640000000e+00 1.5849462199e+02 1.3405772554e+00
8.1660000000e+00 1.5910503277e+02 1.3427280909e+00
8.1680000000e+00 1.5971577502e+02 1.3448770648e+00
8.1700000000e+00 1.6032684839e+02 1.3470241676e+00
8.1720000000e+00 1.6093825252e+02 1.3491693900e+00
8.1740000000e+00 1.6154998705e+02 1.3513127226e+00
8.1760000000e+00 1.6216205162e+02 1.3534541563e+00
8.1770000000e+00 1.6277444587e+02 1.3552259408e+00
8.1790000000e+00 1.6338716946e+02 1.3573633829e+00
8.1810000000e+00 1.6400022203e+02 1.3594989002e+00
8.1830000000e+00 1.6461360323e+02 1.3616324835e+00
8.1840000000e+00 1.6522731270e+02 1.3633957552e+00
8.1860000000e+00 1.6584135009e+02 1.3655252845e+00
8.1880000000e+00 1.6645571506e+02 1.3676528542e+00
8.1890000000e+00 1.6707040726e+02 1.3694096405e+00
8.1910000000e+00 1.6768542633e+02 1.3715331108e+00
8.1930000000e+00 1.6830077193e+02 1.3736545966e+00
8.1940000000e+00 1.6891644371e+02 1.3754048423e+00
8.1960000000e+00 1.6953244133e+02 1.3775221838e+00
8.1970000000e+00 1.7014876445e+02 1.3792679980e+00
8.1990000000e+00 1.7076541272e+02 1.3813811670e+00
8.2000000000e+00 1.7138238580e+02 1.3831225278e+00
8.2010000000e+00 1.7199968334e+02 1.3848615946e+00
8.2030000000e+00 1.7261730501e+02 1.3869683822e+00
8.2040000000e+00 1.7323525046e+02 1.3887029650e+00
8.2060000000e+00 1.7385351937e+02 1.3908055120e+00
8.2070000000e+00 1.7447211138e+02 1.3925355898e+00
8.2080000000e+00 1.7509102616e+02 1.3942633518e+00
8.2100000000e+00 1.7571026338e+02 1.3963594208e+00
8.2110000000e+00 1.7632982270e+02 1.3980826480e+00
8.2120000000e+00 1.7694970378e+02 1.3998035470e+00
8.2130000000e+00 1.7756990630e+02 1.4015221141e+00
8.2140000000e+00 1.7819042991e+02 1.4032383456e+00
8.2160000000e+00 1.7881127429e+02 1.4053234122e+00
8.2170000000e+00 1.7943243911e+02 1.4070350629e+00
8.2180000000e+00 1.8005392404e+02 1.4087443662e+00
8.2190000000e+00 1.8067572873e+02 1.4104513185e+00
8.2200000000e+00 1.8129785288e+02 1.4121559165e+00
8.2210000000e+00 1.8192029615e+02 1.4138581568e+00
8.2220000000e+00 1.8254305821e+02 1.4155580360e+00
8.2230000000e+00 1.8316613874e+02 1.4172555507e+00
8.2240000000e+00 1.8378953741e+02 1.4189506976e+00
8.2250000000e+00 1.8441325389e+02 1.4206434735e+00
8.2260000000e+00 1.8503728787e+02 1.4223338752e+00
8.2270000000e+00 1.8566163903e+02 1.4240218993e+00
8.2280000000e+00 1.8628630703e+02 1.4257075426e+00
8.2290000000e+00 1.8691129155e+02 1.4273908022e+00
8.2300000000e+00 1.8753659229e+02 1.4290716747e+00
8.2310000000e+00 1.8816220892e+02 1.4307501571e+00
8.2320000000e+00 1.8878814111e+02 1.4324262463e+00
8.2320000000e+00 1.8941438856e+02 1.4337272458e+00
8.2330000000e+00 1.9004095094e+02 1.4353984628e+00
8.2340000000e+00 1.9066782794e+02 1.4370672789e+00
8.2350000000e+00 1.9129501924e+02 1.4387336912e+00
8.2350000000e+00 1.9192252453e+02 1.4400247230e+00
8.2360000000e+00 1.9255034350e+02 1.4416862476e+00
8.2370000000e+00 1.9317847582e+02 1.4433453609e+00
8.2380000000e+00 1.9380692120e+02 1.4450020603e+00
8.2380000000e+00 1.9443567931e+02 1.4462831096e+00
8.2390000000e+00 1.9506474985e+02 1.4479349065e+00
8.2400000000e+00 1.9569413250e+02 1.4495842824e+00
8.2400000000e+00 1.9632382697e+02 1.4508578246e+00
8.2410000000e+00 1.9695383293e+02 1.4525022882e+00
8.2410000000e+00 1.9758415008e+02 1.4537708083e+00
8.2420000000e+00 1.9821477812e+02 1.4554103542e+00
8.2430000000e+00 1.9884571673e+02 1.4570474683e+00
8.2430000000e+00 1.9947696562e+02 1.4583084745e+00
8.2440000000e+00 2.0010852447e+02 1.4599406618e+00
8.2440000000e+00 2.0074039299e+02 1.4611966437e+00
8.2450000000e+00 2.0137257087e+02 1.4628238992e+00
8.2450000000e+00 2.0200505780e+02 1.4640748569e+00
8.2460000000e+00 2.0263785349e+02 1.4656971759e+00
8.2460000000e+00 2.0327095764e+02 1.4669431094e+00
8.2460000000e+00 2.0390436994e+02 1.4681865145e+00
8.2470000000e+00 2.0453809010e+02 1.4698013968e+00
8.2470000000e+00 2.0517211781e+02 1.4710397793e+00
8.2480000000e+00 2.0580645279e+02 1.4726497152e+00
8.2480000000e+00 2.0644109472e+02 1.4738830756e+00
8.2480000000e+00 2.0707604332e+02 1.4751139116e+00
8.2490000000e+00 2.0771129829e+02 1.4767164000e+00
8.2490000000e+00 2.0834685933e+02 1.4779422160e+00
8.2490000000e+00 2.0898272615e+02 1.4791655105e+00
8.2500000000e+00 2.0961889845e+02 1.4807605464e+00
8.2500000000e+00 2.1025537595e+02 1.4819788234e+00
8.2500000000e+00 2.1089215834e+02 1.4831945817e+00
8.2510000000e+00 2.1152924534e+02 1.4847821607e+00
8.2510000000e+00 2.1216663666e+02 1.4859929045e+00
8.2510000000e+00 2.1280433201e+02 1.4872011326e+00
8.2510000000e+00 2.1344233109e+02 1.4884068466e+00
8.2510000000e+00 2.1408063362e+02 1.4896100478e+00
8.2520000000e+00 2.1471923932e+02 1.4911851723e+00
8.2520000000e+00 2.1535814788e+02 1.4923833658e+00
8.2520000000e+00 2.1599735903e+02 1.4935790500e+00
8.2520000000e+00 2.1663687247e+02 1.4947722262e+00
8.2520000000e+00 2.1727668793e+02 1.4959628959e+00
8.2520000000e+00 2.1791680512e+02 1.4971510608e+00
8.2520000000e+00 2.1855722376e+02 1.4983367222e+00
8.2530000000e+00 2.1919794355e+02 1.4998944029e+00
8.2530000000e+00 2.1983896423e+02 1.5010750688e+00
8.2530000000e+00 2.2048028549e+02 1.5022532349e+00
8.2530000000e+00 2.2112190708e+02 1.5034289029e+00
8.2530000000e+00 2.2176382869e+02 1.5046020744e+00
8.2530000000e+00 2.2240605006e+02 1.5057727510e+00
8.2530000000e+00 2.2304857091e+02 1.5069409343e+00
8.2530000000e+00 2.2369139095e+02 1.5081066259e+00
8.2530000000e+00 2.2433450990e+02 1.5092698276e+00
8.2530000000e+00 2.2497792750e+02 1.5104305410e+00
8.2530000000e+00 2.2562164345e+02 1.5115887678e+00
8.2530000000e+00 2.2626565750e+02 1.5127445097e+00
8.2530000000e+00 2.2690996935e+02 1.5138977683e+00
8.2530000000e+00 2.2755457874e+02 1.5150485455e+00
8.2530000000e+00 2.2819948538e+02 1.5161968430e+00
8.2530000000e+00 2.2884468902e+02 1.5173426625e+00
8.2520000000e+00 2.2949018937e+02 1.5181114935e+00
8.2520000000e+00 2.3013598616e+02 1.5192523710e+00
8.2520000000e+00 2.3078207911e+02 1.5203907767e+00
8.2520000000e+00 2.3142846797e+02 1.5215267125e+00
8.2520000000e+00 2.3207515245e+02 1.5226601803e+00
8.2520000000e+00 2.3272213230e+02 1.5237911818e+00
8.2520000000e+00 2.3336940722e+02 1.5249197189e+00
8.2510000000e+00 2.3401697697e+02 1.5256713692e+00
8.2510000000e+00 2.3466484127e+02 1.5267949979e+00
8.2510000000e+00 2.3531299985e+02 1.5279161688e+00
8.2510000000e+00 2.3596145245e+02 1.5290348836e+00
8.2510000000e+00 2.3661019880e+02 1.5301511445e+00
8.2500000000e+00 2.3725923863e+02 1.5308906199e+00
8.2500000000e+00 2.3790857168e+02 1.5320019975e+00
8.2500000000e+00 2.3855819769e+02 1.5331109277e+00
8.2500000000e+00 2.3920811638e+02 1.5342174125e+00
8.2490000000e+00 2.3985832750e+02 1.5349472102e+00
8.2490000000e+00 2.4050883079e+02 1.5360488326e+00
8.2490000000e+00 2.4115962598e+02 1.5371480163e+00
8.2490000000e+00 2.4181071281e+02 1.5382447635e+00
8.2480000000e+00 2.4246209101e+02 1.5389649349e+00
8.2480000000e+00 2.4311376034e+02 1.5400568408e+00
8.2480000000e+00 2.4376572053e+02 1.5411463170e+00
8.2470000000e+00 2.4441797131e+02 1.5418593115e+00
8.2470000000e+00 2.4507051244e+02 1.5429439628e+00
8.2470000000e+00 2.4572334365e+02 1.5440261915e+00
8.2460000000e+00 2.4637646468e+02 1.5447320395e+00
8.2460000000e+00 2.4702987528e+02 1.5458094599e+00
8.2460000000e+00 2.4768357520e+02 1.5468844648e+00
8.2450000000e+00 2.4833756417e+02 1.5475831969e+00
8.2450000000e+00 2.4899184194e+02 1.5486534102e+00
8.2440000000e+00 2.4964640826e+02 1.5493474288e+00
8.2440000000e+00 2.5030126287e+02 1.5504128623e+00
8.2440000000e+00 2.5095640551e+02 1.5514758926e+00
8.2430000000e+00 2.5161183594e+02 1.5521628474e+00
8.2430000000e+00 2.5226755391e+02 1.5532211148e+00
8.2420000000e+00 2.5292355915e+02 1.5539033920e+00
8.2420000000e+00 2.5357985143e+02 1.5549569085e+00
8.2410000000e+00 2.5423643048e+02 1.5556345227e+00
8.2410000000e+00 2.5489329606e+02 1.5566833001e+00
8.2400000000e+00 2.5555044792e+02 1.5573562661e+00
8.2400000000e+00 2.5620788581e+02 1.5584003164e+00
8.2390000000e+00 2.5686560948e+02 1.5590686489e+00
8.2390000000e+00 2.5752361868e+02 1.5601079842e+00
8.2380000000e+00 2.5818191317e+02 1.5607716980e+00
8.2380000000e+00 2.5884049269e+02 1.5618063304e+00
8.2370000000e+00 2.5949935701e+02 1.5624654402e+00
8.2370000000e+00 2.6015850587e+02 1.5634953818e+00
8.2360000000e+00 2.6081793903e+02 1.5641499026e+00
8.2360000000e+00 2.6147765624e+02 1.5651751655e+00
8.2350000000e+00 2.6213765727e+02 1.5658251120e+00
8.2350000000e+00 2.6279794186e+02 1.5668457085e+00
8.2340000000e+00 2.6345850978e+02 1.5674910956e+00
8.2340000000e+00 2.6411936077e+02 1.5685070381e+00
8.2330000000e+00 2.6478049460e+02 1.5691478807e+00
8.2320000000e+00 2.6544191103e+02 1.5697864839e+00
8.2320000000e+00 2.6610360982e+02 1.5707954943e+00
8.2310000000e+00 2.6676559072e+02 1.5714295760e+00
8.2310000000e+00 2.6742785349e+02 1.5724339639e+00
8.2300000000e+00 2.6809039790e+02 1.5730635390e+00
8.2290000000e+00 2.6875322370e+02 1.5736908951e+00
8.2290000000e+00 2.6941633066e+02 1.5746884003e+00
8.2280000000e+00 2.7007971854e+02 1.5753112728e+00
8.2270000000e+00 2.7074338709e+02 1.5759319386e+00
8.2270000000e+00 2.7140733609e+02 1.5769225911e+00
8.2260000000e+00 2.7207156530e+02 1.5775387964e+00
8.2250000000e+00 2.7273607448e+02 1.5781528074e+00
8.2250000000e+00 2.7340086339e+02 1.5791366374e+00
8.2240000000e+00 2.7406593180e+02 1.5797462109e+00
8.2230000000e+00 2.7473127947e+02 1.5803536024e+00
8.2230000000e+00 2.7539690618e+02 1.5813306402e+00
8.2220000000e+00 2.7606281168e+02 1.5819336173e+00
8.2210000000e+00 2.7672899575e+02 1.5825344248e+00
8.2210000000e+00 2.7739545814e+02 1.5835047008e+00
8.2200000000e+00 2.7806219864e+02 1.5841011170e+00
8.2190000000e+00 2.7872921700e+02 1.5846953758e+00
8.2190000000e+00 2.7939651300e+02 1.5856589205e+00
8.2180000000e+00 2.8006408640e+02 1.5862488111e+00
8.2170000000e+00 2.8073193697e+02 1.5868365568e+00
8.2160000000e+00 2.8140006449e+02 1.5874221617e+00
8.2160000000e+00 2.8206846872e+02 1.5883768012e+00
8.2150000000e+00 2.8273714944e+02 1.5889580692e+00
8.2140000000e+00 2.8340610642e+02 1.5895372087e+00
8.2130000000e+00 2.8407533942e+02 1.5901142241e+00
8.2120000000e+00 2.8474484823e+02 1.5906891195e+00
8.2120000000e+00 2.8541463261e+02 1.5916327241e+00
8.2110000000e+00 2.8608469234e+02 1.5922033218e+00
8.2100000000e+00 2.8675502719e+02 1.5927718119e+00
8.2090000000e+00 2.8742563694e+02 1.5933381987e+00
8.2090000000e+00 2.8809652136e+02 1.5942730249e+00
8.2080000000e+00 2.8876768023e+02 1.5948351451e+00
8.2070000000e+00 2.8943911332e+02 1.5953951743e+00
8.2060000000e+00 2.9011082041e+02 1.5959531166e+00
8.2050000000e+00 2.9078280127e+02 1.5965089763e+00
8.2040000000e+00 2.9145505568e+02 1.5970627576e+00
8.2040000000e+00 2.9212758343e+02 1.5979845601e+00
8.2030000000e+00 2.9280038428e+02 1.5985341221e+00
8.2020000000e+00 2.9347345802e+02 1.5990816180e+00
8.2010000000e+00 2.9414680442e+02 1.5996270520e+00
8.2000000000e+00 2.9482042327e+02 1.6001704284e+00
8.1990000000e+00 2.9549431434e+02 1.6007117513e+00
8.1990000000e+00 2.9616847742e+02 1.6016206602e+00
8.1980000000e+00 2.9684291228e+02 1.6021578110e+00
8.1970000000e+00 2.9751761871e+02 1.6026929205e+00
8.1960000000e+00 2.9819259649e+02 1.6032259930e+00
8.1950000000e+00 2.9886784539e+02 1.6037570327e+00
8.1940000000e+00 2.9954336521e+02 1.6042860438e+00
8.1930000000e+00 3.0021915573e+02 1.6048130305e+00
8.1920000000e+00 3.0089521672e+02 1.6053379970e+00
8.1910000000e+00 3.0157154797e+02 1.6058609474e+00
8.1910000000e+00 3.0224814927e+02 1.6067508025e+00
8.1900000000e+00 3.0292502041e+02 1.6072696518e+00
8.1890000000e+00 3.0360216115e+02 1.6077864973e+00
8.1880000000e+00 3.0427957130e+02 1.6083013430e+00
8.1870000000e+00 3.0495725064e+02 1.6088141932e+00
8.1860000000e+00 3.0563519895e+02 1.6093250521e+00
8.1850000000e+00 3.0631341602e+02 1.6098339239e+00
8.1840000000e+00 3.0699190164e+02 1.6103408126e+00
8.1830000000e+00 3.0767065560e+02 1.6108457225e+00
8.1820000000e+00 3.0834967768e+02 1.6113486577e+00
8.1810000000e+00 3.0902896767e+02 1.6118496224e+00
8.1800000000e+00 3.0970852536e+02 1.6123486207e+00
8.1790000000e+00 3.1038835054e+02 1.6128456568e+00
8.1780000000e+00 3.1106844299e+02 1.6133407348e+00
8.1770000000e+00 3.1174880252e+02 1.6138338589e+00
8.1760000000e+00 3.1242942891e+02 1.6143250331e+00
8.1750000000e+00 3.1311032195e+02 1.6148142617e+00
8.1750000000e+00 3.1379148143e+02 1.6156690207e+00
8.1740000000e+00 3.1447290715e+02 1.6161542822e+00
8.1730000000e+00 3.1515459889e+02 1.6166376100e+00
8.1720000000e+00 3.1583655645e+02 1.6171190083e+00
8.1710000000e+00 3.1651877963e+02 1.6175984811e+00
8.1700000000e+00 3.1720126820e+02 1.6180760326e+00
8.1690000000e+00 3.1788402198e+02 1.6185516669e+00
8.1680000000e+00 3.1856704075e+02 1.6190253881e+00
8.1670000000e+00 3.1925032430e+02 1.6194972003e+00
8.1660000000e+00 3.1993387244e+02 1.6199671076e+00
8.1650000000e+00 3.2061768496e+02 1.6204351140e+00
8.1630000000e+00 3.2130176165e+02 1.6205347405e+00
8.1620000000e+00 3.2198610231e+02 1.6209990495e+00
8.1610000000e+00 3.2267070673e+02 1.6214614702e+00
8.1600000000e+00 3.2335557472e+02 1.6219220068e+00
8.1590000000e+00 3.2404070607e+02 1.6223806632e+00
8.1580000000e+00 3.2472610057e+02 1.6228374437e+00
8.1570000000e+00 3.2541175803e+02 1.6232923521e+00
8.1560000000e+00 3.2609767825e+02 1.6237453926e+00
8.1550000000e+00 3.2678386102e+02 1.6241965692e+00
8.1540000000e+00 3.2747030614e+02 1.6246458860e+00
8.1530000000e+00 3.2815701341e+02 1.6250933470e+00
8.1520000000e+00 3.2884398264e+02 1.6255389562e+00
8.1510000000e+00 3.2953121362e+02 1.6259827177e+00
8.1500000000e+00 3.3021870615e+02 1.6264246355e+00
8.1490000000e+00 3.3090646003e+02 1.6268647136e+00
8.1480000000e+00 3.3159447508e+02 1.6273029560e+00
8.1470000000e+00 3.3228275107e+02 1.6277393668e+00
8.1460000000e+00 3.3297128783e+02 1.6281739500e+00
8.1450000000e+00 3.3366008516e+02 1.6286067095e+00
8.1430000000e+00 3.3434914284e+02 1.6286729609e+00
8.1420000000e+00 3.3503846070e+02 1.6291021831e+00
8.1410000000e+00 3.3572803853e+02 1.6295295938e+00
8.1400000000e+00 3.3641787614e+02 1.6299551972e+00
8.1390000000e+00 3.3710797333e+02 1.6303789973e+00
8.1380000000e+00 3.3779832990e+02 1.6308009979e+00
8.1370000000e+00 3.3848894567e+02 1.6312212031e+00
8.1360000000e+00 3.3917982043e+02 1.6316396168e+00
8.1350000000e+00 3.3987095399e+02 1.6320562430e+00
8.1340000000e+00 3.4056234617e+02 1.6324710856e+00
8.1320000000e+00 3.4125399676e+02 1.6325204438e+00
8.1310000000e+00 3.4194590558e+02 1.6329318318e+00
8.1300000000e+00 3.4263807242e+02 1.6333414484e+00
8.1290000000e+00 3.4333049711e+02 1.6337492975e+00
8.1280000000e+00 3.4402317944e+02 1.6341553830e+00
8.1270000000e+00 3.4471611922e+02 1.6345597089e+00
8.1260000000e+00 3.4540931627e+02 1.6349622790e+00
8.1250000000e+00 3.4610277039e+02 1.6353630974e+00
8.1230000000e+00 3.4679648140e+02 1.6353992671e+00
8.1220000000e+00 3.4749044909e+02 1.6357966963e+00
8.1210000000e+00 3.4818467329e+02 1.6361923857e+00
8.1200000000e+00 3.4887915380e+02 1.6365863391e+00
8.1190000000e+00 3.4957389044e+02 1.6369785604e+00
8.1180000000e+00 3.5026888301e+02 1.6373690536e+00
8.1170000000e+00 3.5096413133e+02 1.6377578225e+00
8.1150000000e+00 3.5165963521e+02 1.6377826857e+00
8.1140000000e+00 3.5235539446e+02 1.6381681222e+00
8.1130000000e+00 3.5305140889e+02 1.6385518462e+00
8.1120000000e+00 3.5374767832e+02 1.6389338616e+00
8.1110000000e+00 3.5444420257e+02 1.6393141723e+00
8.1100000000e+00 3.5514098143e+02 1.6396927821e+00
8.1090000000e+00 3.5583801473e+02 1.6400696949e+00
8.1070000000e+00 3.5653530229e+02 1.6400834559e+00
8.1060000000e+00 3.5723284391e+02 1.6404570922e+00
8.1050000000e+00 3.5793063942e+02 1.6408290433e+00
8.1040000000e+00 3.5862868862e+02 1.6411993128e+00
8.1030000000e+00 3.5932699134e+02 1.6415679047e+00
8.1010000000e+00 3.6002554739e+02 1.6415738869e+00
8.1000000000e+00 3.6072435658e+02 1.6419392421e+00
8.0990000000e+00 3.6142341873e+02 1.6423029313e+00
8.0980000000e+00 3.6212273367e+02 1.6426649582e+00
8.0970000000e+00 3.6282230120e+02 1.6430253267e+00
8.0960000000e+00 3.6352212115e+02 1.6433840405e+00
8.0940000000e+00 3.6422219333e+02 1.6433808036e+00
8.0930000000e+00 3.6492251756e+02 1.6437363279e+00
8.0920000000e+00 3.6562309366e+02 1.6440902091e+00
8.0910000000e+00 3.6632392145e+02 1.6444424509e+00
8.0900000000e+00 3.6702500074e+02 1.6447930571e+00
8.0880000000e+00 3.6772633137e+02 1.6447822651e+00
8.0870000000e+00 3.6842791314e+02 1.6451297208e+00
8.0860000000e+00 3.6912974589e+02 1.6454755523e+00
8.0850000000e+00 3.6983182942e+02 1.6458197633e+00
8.0840000000e+00 3.7053416356e+02 1.6461623576e+00
8.0820000000e+00 3.7123674813e+02 1.6461441109e+00
8.0810000000e+00 3.7193958295e+02 1.6464835934e+00
8.0800000000e+00 3.7264266785e+02 1.6468214704e+00
8.0790000000e+00 3.7334600265e+02 1.6471577458e+00
8.0770000000e+00 3.7404958717e+02 1.6471336266e+00
8.0760000000e+00 3.7475342122e+02 1.6474668210e+00
8.0750000000e+00 3.7545750465e+02 1.6477984249e+00
8.0740000000e+00 3.7616183726e+02 1.6481284420e+00
8.0730000000e+00 3.7686641889e+02 1.6484568761e+00
8.0710000000e+00 3.7757124935e+02 1.6484254803e+00
8.0700000000e+00 3.7827632847e+02 1.6487508713e+00
8.0690000000e+00 3.7898165608e+02 1.6490746905e+00
8.0680000000e+00 3.7968723200e+02 1.6493969415e+00
8.0660000000e+00 3.8039305606e+02 1.6493598145e+00
8.0650000000e+00 3.8109912808e+02 1.6496790527e+00
8.0640000000e+00 3.8180544789e+02 1.6499967338e+00
8.0630000000e+00 3.8251201531e+02 1.6503128613e+00
8.0610000000e+00 3.8321883017e+02 1.6502700653e+00
8.0600000000e+00 3.8392589230e+02 1.6505832102e+00
8.0590000000e+00 3.8463320153e+02 1.6508948125e+00
8.0580000000e+00 3.8534075768e+02 1.6512048758e+00
8.0560000000e+00 3.8604856058e+02 1.6511564724e+00
8.0550000000e+00 3.8675661005e+02 1.6514635830e+00
8.0540000000e+00 3.8746490594e+02 1.6517691655e+00
8.0530000000e+00 3.8817344806e+02 1.6520732236e+00
8.0510000000e+00 3.8888223624e+02 1.6520192738e+00
8.0500000000e+00 3.8959127032e+02 1.6523204086e+00
8.0490000000e+00 3.9030055011e+02 1.6526200300e+00
8.0480000000e+00 3.9101007547e+02 1.6529181413e+00
8.0460000000e+00 3.9171984620e+02 1.6528587055e+00
8.0450000000e+00 3.9242986215e+02 1.6531539230e+00
8.0440000000e+00 3.9314012315e+02 1.6534476412e+00
8.0430000000e+00 3.9385062902e+02 1.6537398637e+00
8.0410000000e+00 3.9456137959e+02 1.6536750021e+00
8.0400000000e+00 3.9527237471e+02 1.6539643599e+00
8.0390000000e+00 3.9598361419e+02 1.6542522327e+00
8.0370000000e+00 3.9669509788e+02 1.6541833662e+00
8.0360000000e+00 3.9740682560e+02 1.6544683960e+00
8.0350000000e+00 3.9811879719e+02 1.6547519515e+00
8.0340000000e+00 3.9883101248e+02 1.6550340362e+00
8.0320000000e+00 3.9954347131e+02 1.6549598477e+00
8.0310000000e+00 4.0025617350e+02 1.6552391181e+00
8.0300000000e+00 4.0096911889e+02 1.6555169282e+00
8.0290000000e+00 4.0168230732e+02 1.6557932816e+00
8.0270000000e+00 4.0239573862e+02 1.6557138297e+00
8.0260000000e+00 4.0310941263e+02 1.6559873973e+00
8.0250000000e+00 4.0382332917e+02 1.6562595186e+00
8.0230000000e+00 4.0453748809e+02 1.6561761829e+00
8.0220000000e+00 4.0525188922e+02 1.6564455398e+00
8.0210000000e+00 4.0596653240e+02 1.6567134609e+00
8.0200000000e+00 4.0668141746e+02 1.6569799495e+00
8.0180000000e+00 4.0739654424e+02 1.6568914517e+00
8.0170000000e+00 4.0811191258e+02 1.6571552040e+00
8.0160000000e+00 4.0882752231e+02 1.6574175342e+00
8.0140000000e+00 4.0954337327e+02 1.6573252282e+00
8.0130000000e+00 4.1025946529e+02 1.6575848431e+00
8.0120000000e+00 4.1097579823e+02 1.6578430462e+00
8.0110000000e+00 4.1169237191e+02 1.6580998408e+00
8.0090000000e+00 4.1240918617e+02 1.6580024727e+00
8.0080000000e+00 4.1312624085e+02 1.6582565798e+00
8.0070000000e+00 4.1384353578e+02 1.6585092886e+00
8.0050000000e+00 4.1456107082e+02 1.6584081868e+00
8.0040000000e+00 4.1527884580e+02 1.6586582287e+00
8.0030000000e+00 4.1599686055e+02 1.6589068826e+00
