0.0000000000e+00 -6.7015794025e+01 0.0000000000e+00
0.0000000000e+00 -6.6648490619e+01 0.0000000000e+00
0.0000000000e+00 -6.6280577579e+01 0.0000000000e+00
0.0000000000e+00 -6.5912056918e+01 0.0000000000e+00
0.0000000000e+00 -6.5542930634e+01 0.0000000000e+00
0.0000000000e+00 -6.5173200707e+01 0.0000000000e+00
0.0000000000e+00 -6.4802869103e+01 0.0000000000e+00
0.0000000000e+00 -6.4431937769e+01 0.0000000000e+00
0.0000000000e+00 -6.4060408639e+01 0.0000000000e+00
0.0000000000e+00 -6.3688283631e+01 0.0000000000e+00
0.0000000000e+00 -6.3315564647e+01 0.0000000000e+00
0.0000000000e+00 -6.2942253573e+01 0.0000000000e+00
0.0000000000e+00 -6.2568352283e+01 0.0000000000e+00
0.0000000000e+00 -6.2193862633e+01 0.0000000000e+00
0.0000000000e+00 -6.1818786467e+01 0.0000000000e+00
0.0000000000e+00 -6.1443125613e+01 0.0000000000e+00
0.0000000000e+00 -6.1066881886e+01 0.0000000000e+00
0.0000000000e+00 -6.0690057086e+01 0.0000000000e+00
0.0000000000e+00 -6.0312652999e+01 0.0000000000e+00
0.0000000000e+00 -5.9934671398e+01 0.0000000000e+00
0.0000000000e+00 -5.9556114044e+01 0.0000000000e+00
0.0000000000e+00 -5.9176982681e+01 0.0000000000e+00
0.0000000000e+00 -5.8797279043e+01 0.0000000000e+00
0.0000000000e+00 -5.8417004850e+01 0.0000000000e+00
0.0000000000e+00 -5.8036161808e+01 0.0000000000e+00
0.0000000000e+00 -5.7654751612e+01 0.0000000000e+00
0.0000000000e+00 -5.7272775944e+01 0.0000000000e+00
0.0000000000e+00 -5.6890236472e+01 0.0000000000e+00
0.0000000000e+00 -5.6507134854e+01 0.0000000000e+00
0.0000000000e+00 -5.6123472735e+01 0.0000000000e+00
0.0000000000e+00 -5.5739251748e+01 0.0000000000e+00
0.0000000000e+00 -5.5354473514e+01 0.0000000000e+00
0.0000000000e+00 -5.4969139641e+01 0.0000000000e+00
0.0000000000e+00 -5.4583251729e+01 0.0000000000e+00
0.0000000000e+00 -5.4196811363e+01 0.0000000000e+00
0.0000000000e+00 -5.3809820119e+01 0.0000000000e+00
0.0000000000e+00 -5.3422279560e+01 0.0000000000e+00
0.0000000000e+00 -5.3034191240e+01 0.0000000000e+00
0.0000000000e+00 -5.2645556699e+01 0.0000000000e+00
0.0000000000e+00 -5.2256377470e+01 0.0000000000e+00
0.0000000000e+00 -5.1866655072e+01 0.0000000000e+00
0.0000000000e+00 -5.1476391016e+01 0.0000000000e+00
0.0000000000e+00 -5.1085586801e+01 0.0000000000e+00
0.0000000000e+00 -5.0694243916e+01 0.0000000000e+00
0.0000000000e+00 -5.0302363839e+01 0.0000000000e+00
0.0000000000e+00 -4.9909948041e+01 0.0000000000e+00
0.0000000000e+00 -4.9516997978e+01 0.0000000000e+00
0.0000000000e+00 -4.9123515101e+01 0.0000000000e+00
0.0000000000e+00 -4.8729500848e+01 0.0000000000e+00
0.0000000000e+00 -4.8334956649e+01 0.0000000000e+00
0.0000000000e+00 -4.7939883923e+01 0.0000000000e+00
0.0000000000e+00 -4.7544284082e+01 0.0000000000e+00
0.0000000000e+00 -4.7148158525e+01 0.0000000000e+00
0.0000000000e+00 -4.6751508644e+01 0.0000000000e+00
0.0000000000e+00 -4.6354335823e+01 0.0000000000e+00
0.0000000000e+00 -4.5956641434e+01 0.0000000000e+00
0.0000000000e+00 -4.5558426842e+01 0.0000000000e+00
0.0000000000e+00 -4.5159693403e+01 0.0000000000e+00
0.0000000000e+00 -4.4760442463e+01 0.0000000000e+00
0.0000000000e+00 -4.4360675361e+01 0.0000000000e+00
0.0000000000e+00 -4.3960393426e+01 0.0000000000e+00
0.0000000000e+00 -4.3559597978e+01 0.0000000000e+00
0.0000000000e+00 -4.3158290331e+01 0.0000000000e+00
0.0000000000e+00 -4.2756471788e+01 0.0000000000e+00
0.0000000000e+00 -4.2354143646e+01 0.0000000000e+00
0.0000000000e+00 -4.1951307192e+01 0.0000000000e+00
0.0000000000e+00 -4.1547963706e+01 0.0000000000e+00
0.0000000000e+00 -4.1144114458e+01 0.0000000000e+00
0.0000000000e+00 -4.0739760714e+01 0.0000000000e+00
0.0000000000e+00 -4.0334903728e+01 0.0000000000e+00
0.0000000000e+00 -3.9929544749e+01 0.0000000000e+00
0.0000000000e+00 -3.9523685016e+01 0.0000000000e+00
0.0000000000e+00 -3.9117325763e+01 0.0000000000e+00
0.0000000000e+00 -3.8710468214e+01 0.0000000000e+00
0.0000000000e+00 -3.8303113588e+01 0.0000000000e+00
0.0000000000e+00 -3.7895263094e+01 0.0000000000e+00
0.0000000000e+00 -3.7486917935e+01 0.0000000000e+00
0.0000000000e+00 -3.7078079307e+01 0.0000000000e+00
0.0000000000e+00 -3.6668748397e+01 0.0000000000e+00
0.0000000000e+00 -3.6258926388e+01 0.0000000000e+00
0.0000000000e+00 -3.5848614454e+01 0.0000000000e+00
0.0000000000e+00 -3.5437813761e+01 0.0000000000e+00
0.0000000000e+00 -3.5026525470e+01 0.0000000000e+00
0.0000000000e+00 -3.4614750735e+01 0.0000000000e+00
0.0000000000e+00 -3.4202490701e+01 0.0000000000e+00
0.0000000000e+00 -3.3789746509e+01 0.0000000000e+00
0.0000000000e+00 -3.3376519292e+01 0.0000000000e+00
0.0000000000e+00 -3.2962810177e+01 0.0000000000e+00
0.0000000000e+00 -3.2548620284e+01 0.0000000000e+00
0.0000000000e+00 -3.2133950725e+01 0.0000000000e+00
0.0000000000e+00 -3.1718802610e+01 0.0000000000e+00
0.0000000000e+00 -3.1303177037e+01 0.0000000000e+00
0.0000000000e+00 -3.0887075102e+01 0.0000000000e+00
0.0000000000e+00 -3.0470497892e+01 0.0000000000e+00
0.0000000000e+00 -3.0053446490e+01 0.0000000000e+00
0.0000000000e+00 -2.9635921972e+01 0.0000000000e+00
0.0000000000e+00 -2.9217925408e+01 0.0000000000e+00
0.0000000000e+00 -2.8799457861e+01 0.0000000000e+00
0.0000000000e+00 -2.8380520389e+01 0.0000000000e+00
0.0000000000e+00 -2.7961114044e+01 0.0000000000e+00
0.0000000000e+00 -2.7541239871e+01 0.0000000000e+00
0.0000000000e+00 -2.7120898912e+01 0.0000000000e+00
0.0000000000e+00 -2.6700092201e+01 0.0000000000e+00
0.0000000000e+00 -2.6278820765e+01 0.0000000000e+00
0.0000000000e+00 -2.5857085629e+01 0.0000000000e+00
0.0000000000e+00 -2.5434887810e+01 0.0000000000e+00
0.0000000000e+00 -2.5012228320e+01 0.0000000000e+00
0.0000000000e+00 -2.4589108165e+01 0.0000000000e+00
0.0000000000e+00 -2.4165528345e+01 0.0000000000e+00
0.0000000000e+00 -2.3741489858e+01 0.0000000000e+00
0.0000000000e+00 -2.3316993691e+01 0.0000000000e+00
0.0000000000e+00 -2.2892040831e+01 0.0000000000e+00
0.0000000000e+00 -2.2466632257e+01 0.0000000000e+00
0.0000000000e+00 -2.2040768943e+01 0.0000000000e+00
0.0000000000e+00 -2.1614451859e+01 0.0000000000e+00
0.0000000000e+00 -2.1187681967e+01 0.0000000000e+00
0.0000000000e+00 -2.0760460227e+01 0.0000000000e+00
0.0000000000e+00 -2.0332787594e+01 0.0000000000e+00
0.0000000000e+00 -1.9904665014e+01 0.0000000000e+00
0.0000000000e+00 -1.9476093433e+01 0.0000000000e+00
0.0000000000e+00 -1.9047073789e+01 0.0000000000e+00
0.0000000000e+00 -1.8617607017e+01 0.0000000000e+00
0.0000000000e+00 -1.8187694044e+01 0.0000000000e+00
0.0000000000e+00 -1.7757335796e+01 0.0000000000e+00
0.0000000000e+00 -1.7326533192e+01 0.0000000000e+00
0.0000000000e+00 -1.6895287147e+01 0.0000000000e+00
0.0000000000e+00 -1.6463598570e+01 0.0000000000e+00
0.0000000000e+00 -1.6031468368e+01 0.0000000000e+00
0.0000000000e+00 -1.5598897441e+01 0.0000000000e+00
0.0000000000e+00 -1.5165886685e+01 0.0000000000e+00
0.0000000000e+00 -1.4732436993e+01 0.0000000000e+00
0.0000000000e+00 -1.4298549251e+01 0.0000000000e+00
0.0000000000e+00 -1.3864224341e+01 0.0000000000e+00
0.0000000000e+00 -1.3429463143e+01 0.0000000000e+00
0.0000000000e+00 -1.2994266531e+01 0.0000000000e+00
0.0000000000e+00 -1.2558635372e+01 0.0000000000e+00
0.0000000000e+00 -1.2122570534e+01 0.0000000000e+00
0.0000000000e+00 -1.1686072877e+01 0.0000000000e+00
0.0000000000e+00 -1.1249143257e+01 0.0000000000e+00
0.0000000000e+00 -1.0811782527e+01 0.0000000000e+00
0.0000000000e+00 -1.0373991535e+01 0.0000000000e+00
0.0000000000e+00 -9.9357711250e+00 0.0000000000e+00
0.0000000000e+00 -9.4971221373e+00 0.0000000000e+00
0.0000000000e+00 -9.0580454076e+00 0.0000000000e+00
0.0000000000e+00 -8.6185417675e+00 0.0000000000e+00
0.0000000000e+00 -8.1786120450e+00 0.0000000000e+00
0.0000000000e+00 -7.7382570636e+00 0.0000000000e+00
0.0000000000e+00 -7.2974776433e+00 0.0000000000e+00
0.0000000000e+00 -6.8562745998e+00 0.0000000000e+00
0.0000000000e+00 -6.4146487451e+00 0.0000000000e+00
0.0000000000e+00 -5.9726008872e+00 0.0000000000e+00
0.0000000000e+00 -5.5301318303e+00 0.0000000000e+00
0.0000000000e+00 -5.0872423749e+00 0.0000000000e+00
0.0000000000e+00 -4.6439333174e+00 0.0000000000e+00
0.0000000000e+00 -4.2002054507e+00 0.0000000000e+00
0.0000000000e+00 -3.7560595640e+00 0.0000000000e+00
0.0000000000e+00 -3.3114964425e+00 0.0000000000e+00
0.0000000000e+00 -2.8665168681e+00 0.0000000000e+00
0.0000000000e+00 -2.4211216187e+00 0.0000000000e+00
0.0000000000e+00 -1.9753114688e+00 0.0000000000e+00
0.0000000000e+00 -1.5290871892e+00 0.0000000000e+00
0.0000000000e+00 -1.0824495472e+00 0.0000000000e+00
0.0000000000e+00 -6.3539930651e-01 0.0000000000e+00
0.0000000000e+00 -1.8793722733e-01 0.0000000000e+00
6.2800000000e-01 2.5993593364e-01 4.5532374598e-04
1.0320000000e+00 7.0821942314e-01 2.0209425438e-03
1.3150000000e+00 1.1569124914e+00 4.1844093212e-03
1.5450000000e+00 1.6060143920e+00 6.7927459711e-03
1.7430000000e+00 2.0555243819e+00 9.7629362115e-03
1.9190000000e+00 2.5054417216e+00 1.3042310987e-02
2.0790000000e+00 2.9557656747e+00 1.6601228178e-02
2.2250000000e+00 3.4064955083e+00 2.0371557745e-02
2.3610000000e+00 3.8576304926e+00 2.4365816714e-02
2.4890000000e+00 4.3091699014e+00 2.8577548579e-02
2.6090000000e+00 4.7611130114e+00 3.2948415513e-02
2.7230000000e+00 5.2134591026e+00 3.7498669144e-02
2.8310000000e+00 5.6662074585e+00 4.2184814930e-02
2.9340000000e+00 6.1193573654e+00 4.7009006354e-02
3.0320000000e+00 6.5729081129e+00 5.1934568296e-02
3.1270000000e+00 7.0268589937e+00 5.7031377743e-02
3.2170000000e+00 7.4812093038e+00 6.2166196620e-02
3.3050000000e+00 7.9359583420e+00 6.7480223952e-02
3.3890000000e+00 8.3911054103e+00 7.2835754820e-02
3.4710000000e+00 8.8466498139e+00 7.8334805356e-02
3.5490000000e+00 9.3025908607e+00 8.3826366532e-02
3.6260000000e+00 9.7589278619e+00 8.9496402029e-02
3.7000000000e+00 1.0215660132e+01 9.5190227610e-02
3.7720000000e+00 1.0672786987e+01 1.0096377905e-01
3.8410000000e+00 1.1130307747e+01 1.0672230507e-01
3.9090000000e+00 1.1588221736e+01 1.1261146781e-01
3.9750000000e+00 1.2046528279e+01 1.1853913837e-01
4.0400000000e+00 1.2505226705e+01 1.2458108014e-01
4.1030000000e+00 1.2964316345e+01 1.3063911855e-01
4.1640000000e+00 1.3423796534e+01 1.3669908379e-01
4.2230000000e+00 1.3883666608e+01 1.4274682964e-01
4.2820000000e+00 1.4343925909e+01 1.4896986908e-01
4.3390000000e+00 1.4804573778e+01 1.5516325367e-01
4.3940000000e+00 1.5265609562e+01 1.6131278207e-01
4.4490000000e+00 1.5727032609e+01 1.6762202919e-01
4.5020000000e+00 1.6188842269e+01 1.7386974543e-01
4.5540000000e+00 1.6651037896e+01 1.8015590683e-01
4.6050000000e+00 1.7113618848e+01 1.8647424070e-01
4.6550000000e+00 1.7576584482e+01 1.9281844453e-01
4.7040000000e+00 1.8039934161e+01 1.9918219485e-01
4.7520000000e+00 1.8503667250e+01 2.0555915583e-01
4.7990000000e+00 1.8967783114e+01 2.1194298764e-01
4.8460000000e+00 1.9432281125e+01 2.1845648113e-01
4.8910000000e+00 1.9897160654e+01 2.2483747028e-01
4.9350000000e+00 2.0362421076e+01 2.3120633534e-01
4.9790000000e+00 2.0828061768e+01 2.3769311159e-01
5.0220000000e+00 2.1294082110e+01 2.4415991876e-01
5.0640000000e+00 2.1760481485e+01 2.5060045055e-01
5.1050000000e+00 2.2227259278e+01 2.5700844372e-01
5.1460000000e+00 2.2694414876e+01 2.6352329445e-01
5.1860000000e+00 2.3161947669e+01 2.6999772873e-01
5.2250000000e+00 2.3629857049e+01 2.7642553771e-01
5.2630000000e+00 2.4098142411e+01 2.8280057645e-01
5.3010000000e+00 2.4566803152e+01 2.8927128747e-01
5.3380000000e+00 2.5035838673e+01 2.9568143646e-01
5.3750000000e+00 2.5505248374e+01 3.0218384278e-01
5.4110000000e+00 2.5975031661e+01 3.0861790665e-01
5.4470000000e+00 2.6445187940e+01 3.1514077144e-01
5.4810000000e+00 2.6915716621e+01 3.2142229735e-01
5.5160000000e+00 2.7386617114e+01 3.2795227112e-01
5.5500000000e+00 2.7857888833e+01 3.3439848329e-01
5.5830000000e+00 2.8329531195e+01 3.4075505344e-01
5.6160000000e+00 2.8801543618e+01 3.4718962582e-01
5.6480000000e+00 2.9273925523e+01 3.5352702237e-01
5.6800000000e+00 2.9746676332e+01 3.5993894162e-01
5.7110000000e+00 3.0219795471e+01 3.6624623338e-01
5.7420000000e+00 3.0693282367e+01 3.7262457823e-01
5.7720000000e+00 3.1167136450e+01 3.7889093863e-01
5.8020000000e+00 3.1641357151e+01 3.8522490163e-01
5.8320000000e+00 3.2115943905e+01 3.9162665119e-01
5.8610000000e+00 3.2590896147e+01 3.9790742485e-01
5.8900000000e+00 3.3066213317e+01 4.0425253968e-01
5.9180000000e+00 3.3541894854e+01 4.1046951543e-01
5.9460000000e+00 3.4017940201e+01 4.1674742439e-01
5.9730000000e+00 3.4494348804e+01 4.2289016169e-01
6.0000000000e+00 3.4971120108e+01 4.2909046923e-01
6.0270000000e+00 3.5448253563e+01 4.3534845266e-01
6.0530000000e+00 3.5925748620e+01 4.4146268737e-01
6.0790000000e+00 3.6403604732e+01 4.4763127071e-01
6.1050000000e+00 3.6881821354e+01 4.5385428428e-01
6.1300000000e+00 3.7360397944e+01 4.5992512206e-01
6.1550000000e+00 3.7839333961e+01 4.6604710844e-01
6.1800000000e+00 3.8318628866e+01 4.7222030390e-01
6.2040000000e+00 3.8798282123e+01 4.7823306450e-01
6.2280000000e+00 3.9278293196e+01 4.8429380739e-01
6.2520000000e+00 3.9758661554e+01 4.9040257468e-01
6.2750000000e+00 4.0239386666e+01 4.9634283258e-01
6.2980000000e+00 4.0720468002e+01 5.0232795137e-01
6.3210000000e+00 4.1201905036e+01 5.0835795740e-01
6.3430000000e+00 4.1683697244e+01 5.1421157910e-01
6.3660000000e+00 4.2165844101e+01 5.2032982991e-01
6.3870000000e+00 4.2648345089e+01 5.2604421963e-01
6.4090000000e+00 4.3131199686e+01 5.3202326102e-01
6.4300000000e+00 4.3614407377e+01 5.3781672071e-01
6.4510000000e+00 4.4097967646e+01 5.4364897567e-01
6.4720000000e+00 4.4581879979e+01 5.4952002453e-01
6.4930000000e+00 4.5066143865e+01 5.5542986286e-01
6.5130000000e+00 4.5550758794e+01 5.6114517587e-01
6.5330000000e+00 4.6035724259e+01 5.6689633588e-01
6.5530000000e+00 4.6521039753e+01 5.7268332977e-01
6.5720000000e+00 4.7006704773e+01 5.7826858198e-01
6.5920000000e+00 4.7492718815e+01 5.8412575876e-01
6.6110000000e+00 4.7979081380e+01 5.8977833892e-01
6.6300000000e+00 4.8465791968e+01 5.9546385973e-01
6.6480000000e+00 4.8952850082e+01 6.0093921434e-01
6.6670000000e+00 4.9440255228e+01 6.0668916035e-01
6.6850000000e+00 4.9928006912e+01 6.1222617984e-01
6.7030000000e+00 5.0416104642e+01 6.1779332509e-01
6.7210000000e+00 5.0904547927e+01 6.2339056433e-01
6.7380000000e+00 5.1393336281e+01 6.2876816084e-01
6.7550000000e+00 5.1882469216e+01 6.3417319174e-01
6.7730000000e+00 5.2371946248e+01 6.3985786044e-01
6.7890000000e+00 5.2861766893e+01 6.4506541520e-01
6.8060000000e+00 5.3351930670e+01 6.5055253238e-01
6.8230000000e+00 5.3842437099e+01 6.5606693316e-01
6.8390000000e+00 5.4333285703e+01 6.6135133274e-01
6.8550000000e+00 5.4824476004e+01 6.6666046027e-01
6.8710000000e+00 5.5316007529e+01 6.7199427397e-01
6.8870000000e+00 5.5807879803e+01 6.7735273048e-01
6.9030000000e+00 5.6300092356e+01 6.8273578479e-01
6.9180000000e+00 5.6792644717e+01 6.8788017404e-01
6.9330000000e+00 5.7285536419e+01 6.9304671743e-01
6.9480000000e+00 5.7778766995e+01 6.9823537013e-01
6.9630000000e+00 5.8272335979e+01 7.0344608591e-01
6.9780000000e+00 5.8766242909e+01 7.0867881718e-01
6.9920000000e+00 5.9260487323e+01 7.1366462618e-01
7.0070000000e+00 5.9755068759e+01 7.1894010041e-01
7.0210000000e+00 6.0249986761e+01 7.2396632662e-01
7.0350000000e+00 6.0745240870e+01 7.2901214610e-01
7.0490000000e+00 6.1240830630e+01 7.3407751024e-01
7.0630000000e+00 6.1736755589e+01 7.3916236926e-01
7.0760000000e+00 6.2233015293e+01 7.4399128459e-01
7.0900000000e+00 6.2729609291e+01 7.4911390301e-01
7.1030000000e+00 6.3226537134e+01 7.5397837521e-01
7.1160000000e+00 6.3723798375e+01 7.5886004052e-01
7.1290000000e+00 6.4221392565e+01 7.6375884970e-01
7.1420000000e+00 6.4719319261e+01 7.6867475253e-01
7.1550000000e+00 6.5217578019e+01 7.7360769783e-01
7.1680000000e+00 6.5716168397e+01 7.7855763347e-01
7.1800000000e+00 6.6215089955e+01 7.8324097599e-01
7.1920000000e+00 6.6714342252e+01 7.8793923598e-01
7.2050000000e+00 6.7213924853e+01 7.9293780820e-01
7.2170000000e+00 6.7713837320e+01 7.9766671028e-01
7.2290000000e+00 6.8214079219e+01 8.0241038000e-01
7.2400000000e+00 6.8714650116e+01 8.0688047034e-01
7.2520000000e+00 6.9215549580e+01 8.1165257555e-01
7.2640000000e+00 6.9716777180e+01 8.1643929587e-01
7.2750000000e+00 7.0218332487e+01 8.2094949945e-01
7.2860000000e+00 7.0720215073e+01 8.2547238192e-01
7.2970000000e+00 7.1222424512e+01 8.3000789556e-01
7.3090000000e+00 7.1724960379e+01 8.3484973285e-01
7.3190000000e+00 7.2227822251e+01 8.3911662238e-01
7.3300000000e+00 7.2731009706e+01 8.4368973700e-01
7.3410000000e+00 7.3234522322e+01 8.4827528567e-01
7.3520000000e+00 7.3738359680e+01 8.5287321756e-01
7.3620000000e+00 7.4242521363e+01 8.5718539919e-01
7.3720000000e+00 7.4747006953e+01 8.6150816775e-01
7.3830000000e+00 7.5251816035e+01 8.6614120113e-01
7.3930000000e+00 7.5756948195e+01 8.7048582376e-01
7.4030000000e+00 7.6262403020e+01 8.7484089299e-01
7.4130000000e+00 7.6768180099e+01 8.7920636179e-01
7.4230000000e+00 7.7274279022e+01 8.8358218269e-01
7.4320000000e+00 7.7780699379e+01 8.8766452193e-01
7.4420000000e+00 7.8287440764e+01 8.9206009743e-01
7.4510000000e+00 7.8794502770e+01 8.9616053662e-01
7.4610000000e+00 7.9301884992e+01 9.0057568091e-01
7.4700000000e+00 7.9809587027e+01 9.0469404208e-01
7.4790000000e+00 8.0317608471e+01 9.0882092270e-01
7.4890000000e+00 8.0825948925e+01 9.1326466777e-01
7.4980000000e+00 8.1334607987e+01 9.1740919976e-01
7.5070000000e+00 8.1843585260e+01 9.2156211775e-01
7.5150000000e+00 8.2352880346e+01 9.2541276808e-01
7.5240000000e+00 8.2862492848e+01 9.2958158903e-01
7.5330000000e+00 8.3372422373e+01 9.3375866412e-01
7.5410000000e+00 8.3882668526e+01 9.3763118679e-01
7.5500000000e+00 8.4393230914e+01 9.4182390538e-01
7.5580000000e+00 8.4904109147e+01 9.4571057531e-01
7.5670000000e+00 8.5415302835e+01 9.4991876281e-01
7.5750000000e+00 8.5926811588e+01 9.5381941394e-01
7.5830000000e+00 8.6438635019e+01 9.5772665685e-01
7.5910000000e+00 8.6950772741e+01 9.6164045158e-01
7.5990000000e+00 8.7463224370e+01 9.6556075791e-01
7.6070000000e+00 8.7975989521e+01 9.6948753534e-01
7.6150000000e+00 8.8489067811e+01 9.7342074316e-01
7.6220000000e+00 8.9002458858e+01 9.7704082792e-01
7.6300000000e+00 8.9516162282e+01 9.8098611622e-01
7.6370000000e+00 9.0030177704e+01 9.8461693496e-01
7.6450000000e+00 9.0544504744e+01 9.8857414774e-01
7.6520000000e+00 9.1059143027e+01 9.9221555313e-01
7.6600000000e+00 9.1574092175e+01 9.9618453259e-01
7.6670000000e+00 9.2089351814e+01 9.9983637568e-01
7.6740000000e+00 9.2604921571e+01 1.0034930825e+00
7.6810000000e+00 9.3120801072e+01 1.0071546176e+00
7.6880000000e+00 9.3636989947e+01 1.0108209454e+00
7.6950000000e+00 9.4153487824e+01 1.0144920301e+00
7.7020000000e+00 9.4670294335e+01 1.0181678357e+00
7.7090000000e+00 9.5187409110e+01 1.0218483261e+00
7.7160000000e+00 9.5704831785e+01 1.0255334650e+00
7.7220000000e+00 9.6222561991e+01 1.0288952644e+00
7.7290000000e+00 9.6740599364e+01 1.0325890123e+00
7.7350000000e+00 9.7258943541e+01 1.0359582390e+00
7.7420000000e+00 9.7777594159e+01 1.0396604586e+00
7.7480000000e+00 9.8296550856e+01 1.0430369840e+00
7.7550000000e+00 9.8815813271e+01 1.0467475368e+00
7.7610000000e+00 9.9335381044e+01 1.0501312314e+00
7.7670000000e+00 9.9855253818e+01 1.0535182010e+00
7.7730000000e+00 1.0037543124e+02 1.0569084154e+00
7.7790000000e+00 1.0089591294e+02 1.0603018438e+00
7.7850000000e+00 1.0141669857e+02 1.0636984557e+00
7.7910000000e+00 1.0193778778e+02 1.0670982203e+00
7.7970000000e+00 1.0245918022e+02 1.0705011067e+00
7.8030000000e+00 1.0298087552e+02 1.0739070840e+00
7.8090000000e+00 1.0350287335e+02 1.0773161211e+00
7.8150000000e+00 1.0402517334e+02 1.0807281868e+00
7.8200000000e+00 1.0454777516e+02 1.0838069291e+00
7.8260000000e+00 1.0507067845e+02 1.0872244603e+00
7.8310000000e+00 1.0559388286e+02 1.0903076554e+00
7.8370000000e+00 1.0611738805e+02 1.0937305358e+00
7.8420000000e+00 1.0664119368e+02 1.0968180760e+00
7.8480000000e+00 1.0716529939e+02 1.1002461886e+00
7.8530000000e+00 1.0768970485e+02 1.1033379657e+00
7.8580000000e+00 1.0821440971e+02 1.1064315987e+00
7.8630000000e+00 1.0873941364e+02 1.1095270626e+00
7.8680000000e+00 1.0926471629e+02 1.1126243323e+00
7.8740000000e+00 1.0979031732e+02 1.1160642943e+00
7.8790000000e+00 1.1031621640e+02 1.1191655349e+00
7.8840000000e+00 1.1084241318e+02 1.1222685034e+00
7.8890000000e+00 1.1136890733e+02 1.1253731746e+00
7.8930000000e+00 1.1189569852e+02 1.1281368850e+00
7.8980000000e+00 1.1242278641e+02 1.1312444594e+00
7.9030000000e+00 1.1295017066e+02 1.1343536624e+00
7.9080000000e+00 1.1347785095e+02 1.1374644687e+00
7.9120000000e+00 1.1400582694e+02 1.1402325623e+00
7.9170000000e+00 1.1453409830e+02 1.1433460811e+00
7.9220000000e+00 1.1506266471e+02 1.1464611286e+00
7.9260000000e+00 1.1559152582e+02 1.1492321820e+00
7.9310000000e+00 1.1612068132e+02 1.1523497994e+00
7.9350000000e+00 1.1665013088e+02 1.1551225924e+00
7.9390000000e+00 1.1717987417e+02 1.1578960388e+00
7.9440000000e+00 1.1770991086e+02 1.1610171325e+00
7.9480000000e+00 1.1824024063e+02 1.1637921920e+00
7.9520000000e+00 1.1877086317e+02 1.1665678448e+00
7.9570000000e+00 1.1930177813e+02 1.1696922093e+00
7.9610000000e+00 1.1983298521e+02 1.1724693484e+00
7.9650000000e+00 1.2036448408e+02 1.1752470202e+00
7.9690000000e+00 1.2089627443e+02 1.1780252053e+00
7.9730000000e+00 1.2142835592e+02 1.1808038842e+00
7.9770000000e+00 1.2196072825e+02 1.1835830374e+00
7.9810000000e+00 1.2249339110e+02 1.1863626453e+00
7.9850000000e+00 1.2302634415e+02 1.1891426884e+00
7.9890000000e+00 1.2355958708e+02 1.1919231472e+00
7.9920000000e+00 1.2409311958e+02 1.1943527111e+00
7.9960000000e+00 1.2462694134e+02 1.1971336024e+00
8.0000000000e+00 1.2516105204e+02 1.1999148528e+00
8.0040000000e+00 1.2569545138e+02 1.2026964426e+00
8.0070000000e+00 1.2623013903e+02 1.2051257483e+00
8.0110000000e+00 1.2676511469e+02 1.2079076263e+00
8.0150000000e+00 1.2730037805e+02 1.2106897871e+00
8.0180000000e+00 1.2783592879e+02 1.2131186517e+00
8.0220000000e+00 1.2837176662e+02 1.2159009934e+00
8.0250000000e+00 1.2890789123e+02 1.2183293862e+00
8.0280000000e+00 1.2944430230e+02 1.2207573759e+00
8.0320000000e+00 1.2998099954e+02 1.2235396970e+00
8.0350000000e+00 1.3051798263e+02 1.2259671229e+00
8.0390000000e+00 1.3105525127e+02 1.2287494513e+00
8.0420000000e+00 1.3159280517e+02 1.2311762511e+00
8.0450000000e+00 1.3213064401e+02 1.2336025752e+00
8.0480000000e+00 1.3266876750e+02 1.2360284098e+00
8.0510000000e+00 1.3320717534e+02 1.2384537411e+00
8.0550000000e+00 1.3374586722e+02 1.2412353216e+00
8.0580000000e+00 1.3428484285e+02 1.2436598765e+00
8.0610000000e+00 1.3482410192e+02 1.2460838853e+00
8.0640000000e+00 1.3536364415e+02 1.2485073341e+00
8.0670000000e+00 1.3590346922e+02 1.2509302093e+00
8.0700000000e+00 1.3644357686e+02 1.2533524972e+00
8.0730000000e+00 1.3698396675e+02 1.2557741842e+00
8.0760000000e+00 1.3752463862e+02 1.2581952566e+00
8.0780000000e+00 1.3806559216e+02 1.2602568148e+00
8.0810000000e+00 1.3860682707e+02 1.2626763603e+00
8.0840000000e+00 1.3914834308e+02 1.2650952521e+00
8.0870000000e+00 1.3969013988e+02 1.2675134766e+00
8.0900000000e+00 1.4023221719e+02 1.2699310203e+00
8.0920000000e+00 1.4077457471e+02 1.2719877490e+00
8.0950000000e+00 1.4131721216e+02 1.2744036425e+00
8.0980000000e+00 1.4186012925e+02 1.2768188163e+00
8.1000000000e+00 1.4240332569e+02 1.2788724289e+00
8.1030000000e+00 1.4294680119e+02 1.2812858803e+00
8.1050000000e+00 1.4349055547e+02 1.2833372926e+00
8.1080000000e+00 1.4403458824e+02 1.2857489749e+00
8.1100000000e+00 1.4457889922e+02 1.2877981467e+00
8.1130000000e+00 1.4512348812e+02 1.2902080132e+00
8.1150000000e+00 1.4566835465e+02 1.2922549048e+00
8.1180000000e+00 1.4621349855e+02 1.2946629090e+00
8.1200000000e+00 1.4675891952e+02 1.2967074807e+00
8.1220000000e+00 1.4730461728e+02 1.2987507780e+00
8.1250000000e+00 1.4785059155e+02 1.3011557885e+00
8.1270000000e+00 1.4839684206e+02 1.3031967083e+00
8.1290000000e+00 1.4894336853e+02 1.3052363274e+00
8.1310000000e+00 1.4949017066e+02 1.3072746375e+00
8.1340000000e+00 1.5003724820e+02 1.3096754300e+00
8.1360000000e+00 1.5058460085e+02 1.3117112874e+00
8.1380000000e+00 1.5113222835e+02 1.3137458098e+00
8.1400000000e+00 1.5168013042e+02 1.3157789890e+00
8.1420000000e+00 1.5222830679e+02 1.3178108169e+00
8.1440000000e+00 1.5277675717e+02 1.3198412853e+00
8.1460000000e+00 1.5332548130e+02 1.3218703863e+00
8.1480000000e+00 1.5387447890e+02 1.3238981118e+00
8.1500000000e+00 1.5442374971e+02 1.3259244537e+00
8.1520000000e+00 1.5497329344e+02 1.3279494040e+00
8.1540000000e+00 1.5552310983e+02 1.3299729547e+00
8.1560000000e+00 1.5607319861e+02 1.3319950979e+00
8.1580000000e+00 1.5662355951e+02 1.3340158255e+00
8.1600000000e+00 1.5717419226e+02 1.3360351298e+00
8.1620000000e+00 1.5772509660e+02 1.3380530028e+00
8.1640000000e+00 1.5827627225e+02 1.3400694365e+00
8.1650000000e+00 1.5882771894e+02 1.3417177714e+00
8.1670000000e+00 1.5937943642e+02 1.3437311379e+00
8.1690000000e+00 1.5993142441e+02 1.3457430434e+00
8.1710000000e+00 1.6048368266e+02 1.3477534799e+00
8.1720000000e+00 1.6103621089e+02 1.3493951617e+00
8.1740000000e+00 1.6158900884e+02 1.3514024778e+00
8.1760000000e+00 1.6214207626e+02 1.3534083032e+00
8.1770000000e+00 1.6269541287e+02 1.3550449044e+00
8.1790000000e+00 1.6324901842e+02 1.3570475706e+00
8.1800000000e+00 1.6380289265e+02 1.3586807157e+00
8.1820000000e+00 1.6435703529e+02 1.3606801981e+00
8.1840000000e+00 1.6491144608e+02 1.3626781548e+00
8.1850000000e+00 1.6546612477e+02 1.3643061422e+00
8.1870000000e+00 1.6602107110e+02 1.3663008770e+00
8.1880000000e+00 1.6657628481e+02 1.3679253598e+00
8.1900000000e+00 1.6713176564e+02 1.3699168485e+00
8.1910000000e+00 1.6768751334e+02 1.3715378080e+00
8.1920000000e+00 1.6824352765e+02 1.3731569399e+00
8.1940000000e+00 1.6879980831e+02 1.3751434444e+00
8.1950000000e+00 1.6935635507e+02 1.3767590268e+00
8.1970000000e+00 1.6991316767e+02 1.3787422271e+00
8.1980000000e+00 1.7047024587e+02 1.3803542418e+00
8.1990000000e+00 1.7102758941e+02 1.3819644101e+00
8.2010000000e+00 1.7158519803e+02 1.3839425433e+00
8.2020000000e+00 1.7214307148e+02 1.3855491183e+00
8.2030000000e+00 1.7270120952e+02 1.3871538361e+00
8.2040000000e+00 1.7325961189e+02 1.3887566936e+00
8.2060000000e+00 1.7381827835e+02 1.3907279534e+00
8.2070000000e+00 1.7437720864e+02 1.3923271849e+00
8.2080000000e+00 1.7493640251e+02 1.3939245454e+00
8.2090000000e+00 1.7549585972e+02 1.3955200320e+00
8.2100000000e+00 1.7605558001e+02 1.3971136415e+00
8.2110000000e+00 1.7661556315e+02 1.3987053710e+00
8.2120000000e+00 1.7717580888e+02 1.4002952174e+00
8.2140000000e+00 1.7773631696e+02 1.4022541680e+00
8.2150000000e+00 1.7829708715e+02 1.4038403347e+00
8.2160000000e+00 1.7885811919e+02 1.4054246082e+00
8.2170000000e+00 1.7941941285e+02 1.4070069856e+00
8.2180000000e+00 1.7998096788e+02 1.4085874640e+00
8.2190000000e+00 1.8054278403e+02 1.4101660403e+00
8.2200000000e+00 1.8110486107e+02 1.4117427119e+00
8.2210000000e+00 1.8166719876e+02 1.4133174758e+00
8.2220000000e+00 1.8222979684e+02 1.4148903293e+00
8.2230000000e+00 1.8279265509e+02 1.4164612694e+00
8.2240000000e+00 1.8335577326e+02 1.4180302934e+00
8.2240000000e+00 1.8391915111e+02 1.4192254240e+00
8.2250000000e+00 1.8448278840e+02 1.4207905251e+00
8.2260000000e+00 1.8504668489e+02 1.4223537031e+00
8.2270000000e+00 1.8561084035e+02 1.4239149552e+00
8.2280000000e+00 1.8617525454e+02 1.4254742787e+00
8.2290000000e+00 1.8673992722e+02 1.4270316709e+00
8.2290000000e+00 1.8730485815e+02 1.4282146976e+00
8.2300000000e+00 1.8787004710e+02 1.4297681440e+00
8.2310000000e+00 1.8843549383e+02 1.4313196523e+00
8.2320000000e+00 1.8900119811e+02 1.4328692201e+00
8.2330000000e+00 1.8956715971e+02 1.4344168447e+00
8.2330000000e+00 1.9013337838e+02 1.4355897451e+00
8.2340000000e+00 1.9069985390e+02 1.4371334060e+00
8.2350000000e+00 1.9126658604e+02 1.4386751173e+00
8.2350000000e+00 1.9183357456e+02 1.4398419104e+00
8.2360000000e+00 1.9240081923e+02 1.4413796486e+00
8.2370000000e+00 1.9296831981e+02 1.4429154310e+00
8.2370000000e+00 1.9353607609e+02 1.4440761109e+00
8.2380000000e+00 1.9410408782e+02 1.4456079111e+00
8.2390000000e+00 1.9467235479e+02 1.4471377493e+00
8.2390000000e+00 1.9524087675e+02 1.4482923106e+00
8.2400000000e+00 1.9580965349e+02 1.4498181579e+00
8.2400000000e+00 1.9637868476e+02 1.4509686235e+00
8.2410000000e+00 1.9694797036e+02 1.4524904749e+00
8.2410000000e+00 1.9751751004e+02 1.4536368438e+00
8.2420000000e+00 1.9808730358e+02 1.4551546946e+00
8.2420000000e+00 1.9865735076e+02 1.4562969661e+00
8.2430000000e+00 1.9922765135e+02 1.4578108116e+00
8.2430000000e+00 1.9979820513e+02 1.4589489852e+00
8.2440000000e+00 2.0036901187e+02 1.4604588207e+00
8.2440000000e+00 2.0094007134e+02 1.4615928958e+00
8.2450000000e+00 2.0151138333e+02 1.4630987171e+00
8.2450000000e+00 2.0208294761e+02 1.4642286933e+00
8.2460000000e+00 2.0265476396e+02 1.4657304961e+00
8.2460000000e+00 2.0322683215e+02 1.4668563731e+00
8.2460000000e+00 2.0379915197e+02 1.4679801858e+00
8.2470000000e+00 2.0437172319e+02 1.4694759309e+00
8.2470000000e+00 2.0494454560e+02 1.4705956451e+00
8.2480000000e+00 2.0551761896e+02 1.4720873626e+00
8.2480000000e+00 2.0609094307e+02 1.4732029784e+00
8.2480000000e+00 2.0666451771e+02 1.4743165325e+00
8.2490000000e+00 2.0723834265e+02 1.4758021819e+00
8.2490000000e+00 2.0781241767e+02 1.4769116387e+00
8.2490000000e+00 2.0838674257e+02 1.4780190357e+00
8.2490000000e+00 2.0896131712e+02 1.4791243739e+00
8.2500000000e+00 2.0953614110e+02 1.4806019131e+00
8.2500000000e+00 2.1011121431e+02 1.4817031564e+00
8.2500000000e+00 2.1068653651e+02 1.4828023430e+00
8.2500000000e+00 2.1126210751e+02 1.4838994738e+00
8.2510000000e+00 2.1183792707e+02 1.4853688972e+00
8.2510000000e+00 2.1241399500e+02 1.4864619361e+00
8.2510000000e+00 2.1299031107e+02 1.4875529215e+00
8.2510000000e+00 2.1356687508e+02 1.4886418543e+00
8.2510000000e+00 2.1414368680e+02 1.4897287358e+00
8.2520000000e+00 2.1472074602e+02 1.4911880015e+00
8.2520000000e+00 2.1529805254e+02 1.4922707956e+00
8.2520000000e+00 2.1587560614e+02 1.4933515406e+00
8.2520000000e+00 2.1645340662e+02 1.4944302377e+00
8.2520000000e+00 2.1703145375e+02 1.4955068879e+00
8.2520000000e+00 2.1760974733e+02 1.4965814924e+00
8.2520000000e+00 2.1818828715e+02 1.4976540522e+00
8.2520000000e+00 2.1876707300e+02 1.4987245686e+00
8.2530000000e+00 2.1934610467e+02 1.5001675654e+00
8.2530000000e+00 2.1992538196e+02 1.5012340040e+00
8.2530000000e+00 2.2050490465e+02 1.5022984018e+00
8.2530000000e+00 2.2108467254e+02 1.5033607599e+00
8.2530000000e+00 2.2166468541e+02 1.5044210795e+00
8.2530000000e+00 2.2224494307e+02 1.5054793619e+00
8.2530000000e+00 2.2282544531e+02 1.5065356081e+00
8.2530000000e+00 2.2340619191e+02 1.5075898195e+00
8.2530000000e+00 2.2398718268e+02 1.5086419972e+00
8.2530000000e+00 2.2456841742e+02 1.5096921425e+00
8.2530000000e+00 2.2514989590e+02 1.5107402567e+00
8.2530000000e+00 2.2573161794e+02 1.5117863408e+00
8.2530000000e+00 2.2631358333e+02 1.5128303963e+00
8.2530000000e+00 2.2689579186e+02 1.5138724244e+00
8.2530000000e+00 2.2747824333e+02 1.5149124263e+00
8.2530000000e+00 2.2806093754e+02 1.5159504034e+00
8.2530000000e+00 2.2864387428e+02 1.5169863569e+00
8.2520000000e+00 2.2922705336e+02 1.5176457726e+00
8.2520000000e+00 2.2981047458e+02 1.5186776902e+00
8.2520000000e+00 2.3039413773e+02 1.5197075890e+00
8.2520000000e+00 2.3097804261e+02 1.5207354702e+00
8.2520000000e+00 2.3156218902e+02 1.5217613352e+00
8.2520000000e+00 2.3214657677e+02 1.5227851853e+00
8.2520000000e+00 2.3273120565e+02 1.5238070220e+00
8.2520000000e+00 2.3331607546e+02 1.5248268465e+00
8.2520000000e+00 2.3390118601e+02 1.5258446602e+00
8.2510000000e+00 2.3448653710e+02 1.5264860507e+00
8.2510000000e+00 2.3507212854e+02 1.5274998610e+00
8.2510000000e+00 2.3565796011e+02 1.5285116653e+00
8.2510000000e+00 2.3624403164e+02 1.5295214652e+00
8.2510000000e+00 2.3683034291e+02 1.5305292620e+00
8.2500000000e+00 2.3741689374e+02 1.5311607286e+00
8.2500000000e+00 2.3800368393e+02 1.5321645410e+00
8.2500000000e+00 2.3859071328e+02 1.5331663554e+00
8.2500000000e+00 2.3917798161e+02 1.5341661732e+00
8.2500000000e+00 2.3976548871e+02 1.5351639958e+00
8.2490000000e+00 2.4035323439e+02 1.5357855982e+00
8.2490000000e+00 2.4094121846e+02 1.5367794558e+00
8.2490000000e+00 2.4152944072e+02 1.5377713234e+00
8.2480000000e+00 2.4211790099e+02 1.5383870480e+00
8.2480000000e+00 2.4270659906e+02 1.5393749630e+00
8.2480000000e+00 2.4329553476e+02 1.5403608930e+00
8.2480000000e+00 2.4388470788e+02 1.5413448397e+00
8.2470000000e+00 2.4447411823e+02 1.5419527530e+00
8.2470000000e+00 2.4506376563e+02 1.5429327631e+00
8.2470000000e+00 2.4565364989e+02 1.5439107952e+00
8.2460000000e+00 2.4624377080e+02 1.5445128845e+00
8.2460000000e+00 2.4683412820e+02 1.5454869926e+00
8.2460000000e+00 2.4742472187e+02 1.5464591279e+00
8.2450000000e+00 2.4801555164e+02 1.5470554166e+00
8.2450000000e+00 2.4860661732e+02 1.5480236406e+00
8.2450000000e+00 2.4919791872e+02 1.5489898971e+00
8.2440000000e+00 2.4978945565e+02 1.5495804090e+00
8.2440000000e+00 2.5038122792e+02 1.5505427669e+00
8.2440000000e+00 2.5097323535e+02 1.5515031628e+00
8.2430000000e+00 2.5156547775e+02 1.5520879213e+00
8.2430000000e+00 2.5215795494e+02 1.5530444314e+00
8.2420000000e+00 2.5275066672e+02 1.5536253806e+00
8.2420000000e+00 2.5334361292e+02 1.5545780139e+00
8.2420000000e+00 2.5393679334e+02 1.5555286947e+00
8.2410000000e+00 2.5453020780e+02 1.5561039306e+00
8.2410000000e+00 2.5512385613e+02 1.5570507475e+00
8.2400000000e+00 2.5571773812e+02 1.5576222018e+00
8.2400000000e+00 2.5631185361e+02 1.5585651639e+00
8.2390000000e+00 2.5690620240e+02 1.5591328479e+00
8.2390000000e+00 2.5750078432e+02 1.5600719644e+00
8.2390000000e+00 2.5809559918e+02 1.5610091417e+00
8.2380000000e+00 2.5869064680e+02 1.5615711692e+00
8.2380000000e+00 2.5928592699e+02 1.5625045141e+00
8.2370000000e+00 2.5988143958e+02 1.5630627990e+00
8.2370000000e+00 2.6047718438e+02 1.5639923205e+00
8.2360000000e+00 2.6107316122e+02 1.5645468742e+00
8.2360000000e+00 2.6166936991e+02 1.5654725817e+00
8.2350000000e+00 2.6226581027e+02 1.5660234155e+00
8.2350000000e+00 2.6286248212e+02 1.5669453181e+00
8.2340000000e+00 2.6345938529e+02 1.5674924434e+00
8.2340000000e+00 2.6405651959e+02 1.5684105505e+00
8.2330000000e+00 2.6465388484e+02 1.5689539787e+00
8.2330000000e+00 2.6525148087e+02 1.5698682995e+00
8.2320000000e+00 2.6584930751e+02 1.5704080419e+00
8.2320000000e+00 2.6644736456e+02 1.5713185859e+00
8.2310000000e+00 2.6704565185e+02 1.5718546539e+00
8.2300000000e+00 2.6764416921e+02 1.5723889147e+00
8.2300000000e+00 2.6824291646e+02 1.5732938354e+00
8.2290000000e+00 2.6884189343e+02 1.5738244394e+00
8.2290000000e+00 2.6944109993e+02 1.5747256072e+00
8.2280000000e+00 2.7004053579e+02 1.5752525658e+00
8.2280000000e+00 2.7064020084e+02 1.5761499901e+00
8.2270000000e+00 2.7124009490e+02 1.5766733147e+00
8.2260000000e+00 2.7184021779e+02 1.5771948538e+00
8.2260000000e+00 2.7244056935e+02 1.5780867072e+00
8.2250000000e+00 2.7304114940e+02 1.5786046299e+00
8.2250000000e+00 2.7364195775e+02 1.5794927639e+00
8.2240000000e+00 2.7424299425e+02 1.5800070817e+00
8.2230000000e+00 2.7484425872e+02 1.5805196295e+00
8.2230000000e+00 2.7544575098e+02 1.5814022303e+00
8.2220000000e+00 2.7604747087e+02 1.5819111908e+00
8.2210000000e+00 2.7664941820e+02 1.5824183907e+00
8.2210000000e+00 2.7725159282e+02 1.5832954811e+00
8.2200000000e+00 2.7785399454e+02 1.5837991114e+00
8.2200000000e+00 2.7845662320e+02 1.5846725217e+00
8.2190000000e+00 2.7905947862e+02 1.5851725937e+00
8.2180000000e+00 2.7966256063e+02 1.5856709207e+00
8.2180000000e+00 2.8026586908e+02 1.5865388586e+00
8.2170000000e+00 2.8086940377e+02 1.5870336450e+00
8.2160000000e+00 2.8147316456e+02 1.5875266957e+00
8.2160000000e+00 2.8207715125e+02 1.5883891844e+00
8.2150000000e+00 2.8268136370e+02 1.5888787121e+00
8.2140000000e+00 2.8328580172e+02 1.5893665137e+00
8.2130000000e+00 2.8389046516e+02 1.5898525923e+00
8.2130000000e+00 2.8449535383e+02 1.5907078723e+00
8.2120000000e+00 2.8510046759e+02 1.5911904516e+00
8.2110000000e+00 2.8570580625e+02 1.5916713174e+00
8.2110000000e+00 2.8631136965e+02 1.5925212028e+00
8.2100000000e+00 2.8691715762e+02 1.5929985868e+00
8.2090000000e+00 2.8752317000e+02 1.5934742666e+00
8.2090000000e+00 2.8812940662e+02 1.5943187806e+00
8.2080000000e+00 2.8873586732e+02 1.5947909963e+00
8.2070000000e+00 2.8934255193e+02 1.5952615171e+00
8.2060000000e+00 2.8994946029e+02 1.5957303464e+00
8.2060000000e+00 2.9055659222e+02 1.5965677572e+00
8.2050000000e+00 2.9116394757e+02 1.5970331460e+00
8.2040000000e+00 2.9177152617e+02 1.5974968526e+00
8.2030000000e+00 2.9237932786e+02 1.5979588801e+00
8.2030000000e+00 2.9298735247e+02 1.5987892304e+00
8.2020000000e+00 2.9359559984e+02 1.5992478411e+00
8.2010000000e+00 2.9420406981e+02 1.5997047821e+00
8.2000000000e+00 2.9481276222e+02 1.6001600566e+00
8.1990000000e+00 2.9542167690e+02 1.6006136677e+00
8.1990000000e+00 2.9603081368e+02 1.6014352704e+00
8.1980000000e+00 2.9664017242e+02 1.6018854945e+00
8.1970000000e+00 2.9724975294e+02 1.6023340646e+00
8.1960000000e+00 2.9785955509e+02 1.6027809838e+00
8.1960000000e+00 2.9846957870e+02 1.6035956224e+00
8.1950000000e+00 2.9907982362e+02 1.6040391782e+00
8.1940000000e+00 2.9969028968e+02 1.6044810925e+00
8.1930000000e+00 3.0030097672e+02 1.6049213684e+00
8.1920000000e+00 3.0091188458e+02 1.6053600091e+00
8.1920000000e+00 3.0152301311e+02 1.6061660216e+00
8.1910000000e+00 3.0213436215e+02 1.6066013285e+00
8.1900000000e+00 3.0274593153e+02 1.6070350094e+00
8.1890000000e+00 3.0335772109e+02 1.6074670676e+00
8.1880000000e+00 3.0396973069e+02 1.6078975062e+00
8.1870000000e+00 3.0458196015e+02 1.6083263283e+00
8.1870000000e+00 3.0519440933e+02 1.6091220947e+00
8.1860000000e+00 3.0580707807e+02 1.6095476185e+00
8.1850000000e+00 3.0641996620e+02 1.6099715352e+00
8.1840000000e+00 3.0703307357e+02 1.6103938479e+00
8.1830000000e+00 3.0764640003e+02 1.6108145596e+00
8.1820000000e+00 3.0825994542e+02 1.6112336736e+00
8.1810000000e+00 3.0887370957e+02 1.6116511931e+00
8.1810000000e+00 3.0948769235e+02 1.6124351434e+00
8.1800000000e+00 3.1010189358e+02 1.6128494060e+00
8.1790000000e+00 3.1071631312e+02 1.6132620832e+00
8.1780000000e+00 3.1133095081e+02 1.6136731781e+00
8.1770000000e+00 3.1194580649e+02 1.6140826938e+00
8.1760000000e+00 3.1256088001e+02 1.6144906335e+00
8.1750000000e+00 3.1317617122e+02 1.6148970004e+00
8.1750000000e+00 3.1379167997e+02 1.6156692695e+00
8.1740000000e+00 3.1440740609e+02 1.6160724208e+00
8.1730000000e+00 3.1502334944e+02 1.6164740083e+00
8.1720000000e+00 3.1563950986e+02 1.6168740352e+00
8.1710000000e+00 3.1625588720e+02 1.6172725045e+00
8.1700000000e+00 3.1687248131e+02 1.6176694193e+00
8.1690000000e+00 3.1748929203e+02 1.6180647829e+00
8.1680000000e+00 3.1810631922e+02 1.6184585983e+00
8.1670000000e+00 3.1872356272e+02 1.6188508685e+00
8.1660000000e+00 3.1934102237e+02 1.6192415968e+00
8.1650000000e+00 3.1995869804e+02 1.6196307861e+00
8.1650000000e+00 3.2057658956e+02 1.6203850203e+00
8.1640000000e+00 3.2119469679e+02 1.6207710589e+00
8.1630000000e+00 3.2181301957e+02 1.6211555676e+00
8.1620000000e+00 3.2243155776e+02 1.6215385495e+00
8.1610000000e+00 3.2305031121e+02 1.6219200077e+00
8.1600000000e+00 3.2366927976e+02 1.6222999452e+00
8.1590000000e+00 3.2428846328e+02 1.6226783652e+00
8.1580000000e+00 3.2490786159e+02 1.6230552706e+00
8.1570000000e+00 3.2552747457e+02 1.6234306646e+00
8.1560000000e+00 3.2614730206e+02 1.6238045503e+00
8.1550000000e+00 3.2676734391e+02 1.6241769306e+00
8.1540000000e+00 3.2738759997e+02 1.6245478087e+00
8.1530000000e+00 3.2800807010e+02 1.6249171876e+00
8.1520000000e+00 3.2862875415e+02 1.6252850704e+00
8.1510000000e+00 3.2924965197e+02 1.6256514600e+00
8.1500000000e+00 3.2987076341e+02 1.6260163597e+00
8.1500000000e+00 3.3049208833e+02 1.6267450007e+00
8.1490000000e+00 3.3111362658e+02 1.6271068431e+00
8.1480000000e+00 3.3173537801e+02 1.6274672043e+00
8.1470000000e+00 3.3235734248e+02 1.6278260874e+00
8.1460000000e+00 3.3297951985e+02 1.6281834953e+00
8.1450000000e+00 3.3360190996e+02 1.6285394312e+00
8.1440000000e+00 3.3422451267e+02 1.6288938979e+00
8.1430000000e+00 3.3484732784e+02 1.6292468987e+00
8.1420000000e+00 3.3547035532e+02 1.6295984363e+00
8.1410000000e+00 3.3609359497e+02 1.6299485140e+00
8.1400000000e+00 3.3671704663e+02 1.6302971346e+00
8.1390000000e+00 3.3734071018e+02 1.6306443012e+00
8.1380000000e+00 3.3796458546e+02 1.6309900168e+00
8.1370000000e+00 3.3858867234e+02 1.6313342843e+00
8.1360000000e+00 3.3921297065e+02 1.6316771068e+00
8.1350000000e+00 3.3983748028e+02 1.6320184872e+00
8.1340000000e+00 3.4046220106e+02 1.6323584286e+00
8.1330000000e+00 3.4108713287e+02 1.6326969339e+00
8.1320000000e+00 3.4171227555e+02 1.6330340061e+00
8.1310000000e+00 3.4233762896e+02 1.6333696481e+00
8.1300000000e+00 3.4296319297e+02 1.6337038630e+00
8.1290000000e+00 3.4358896743e+02 1.6340366536e+00
8.1280000000e+00 3.4421495219e+02 1.6343680230e+00
8.1270000000e+00 3.4484114713e+02 1.6346979742e+00
8.1260000000e+00 3.4546755209e+02 1.6350265100e+00
8.1250000000e+00 3.4609416693e+02 1.6353536334e+00
8.1240000000e+00 3.4672099153e+02 1.6356793473e+00
8.1230000000e+00 3.4734802572e+02 1.6360036548e+00
8.1220000000e+00 3.4797526939e+02 1.6363265587e+00
