0.0000000000e+00 -4.2670093592e+01 0.0000000000e+00
0.0000000000e+00 -4.2140350413e+01 0.0000000000e+00
0.0000000000e+00 -4.1609727989e+01 0.0000000000e+00
0.0000000000e+00 -4.1078229224e+01 0.0000000000e+00
0.0000000000e+00 -4.0545857000e+01 0.0000000000e+00
0.0000000000e+00 -4.0012614172e+01 0.0000000000e+00
0.0000000000e+00 -3.9478503575e+01 0.0000000000e+00
0.0000000000e+00 -3.8943528018e+01 0.0000000000e+00
0.0000000000e+00 -3.8407690290e+01 0.0000000000e+00
0.0000000000e+00 -3.7870993157e+01 0.0000000000e+00
0.0000000000e+00 -3.7333439362e+01 0.0000000000e+00
0.0000000000e+00 -3.6795031627e+01 0.0000000000e+00
0.0000000000e+00 -3.6255772651e+01 0.0000000000e+00
0.0000000000e+00 -3.5715665115e+01 0.0000000000e+00
0.0000000000e+00 -3.5174711676e+01 0.0000000000e+00
0.0000000000e+00 -3.4632914970e+01 0.0000000000e+00
0.0000000000e+00 -3.4090277616e+01 0.0000000000e+00
0.0000000000e+00 -3.3546802210e+01 0.0000000000e+00
0.0000000000e+00 -3.3002491328e+01 0.0000000000e+00
0.0000000000e+00 -3.2457347527e+01 0.0000000000e+00
0.0000000000e+00 -3.1911373345e+01 0.0000000000e+00
0.0000000000e+00 -3.1364571300e+01 0.0000000000e+00
0.0000000000e+00 -3.0816943892e+01 0.0000000000e+00
0.0000000000e+00 -3.0268493600e+01 0.0000000000e+00
0.0000000000e+00 -2.9719222886e+01 0.0000000000e+00
0.0000000000e+00 -2.9169134195e+01 0.0000000000e+00
0.0000000000e+00 -2.8618229951e+01 0.0000000000e+00
0.0000000000e+00 -2.8066512563e+01 0.0000000000e+00
0.0000000000e+00 -2.7513984419e+01 0.0000000000e+00
0.0000000000e+00 -2.6960647893e+01 0.0000000000e+00
0.0000000000e+00 -2.6406505339e+01 0.0000000000e+00
0.0000000000e+00 -2.5851559096e+01 0.0000000000e+00
0.0000000000e+00 -2.5295811484e+01 0.0000000000e+00
0.0000000000e+00 -2.4739264809e+01 0.0000000000e+00
0.0000000000e+00 -2.4181921357e+01 0.0000000000e+00
0.0000000000e+00 -2.3623783402e+01 0.0000000000e+00
0.0000000000e+00 -2.3064853197e+01 0.0000000000e+00
0.0000000000e+00 -2.2505132983e+01 0.0000000000e+00
0.0000000000e+00 -2.1944624984e+01 0.0000000000e+00
0.0000000000e+00 -2.1383331408e+01 0.0000000000e+00
0.0000000000e+00 -2.0821254448e+01 0.0000000000e+00
0.0000000000e+00 -2.0258396280e+01 0.0000000000e+00
0.0000000000e+00 -1.9694759069e+01 0.0000000000e+00
0.0000000000e+00 -1.9130344961e+01 0.0000000000e+00
0.0000000000e+00 -1.8565156089e+01 0.0000000000e+00
0.0000000000e+00 -1.7999194572e+01 0.0000000000e+00
0.0000000000e+00 -1.7432462513e+01 0.0000000000e+00
0.0000000000e+00 -1.6864962003e+01 0.0000000000e+00
0.0000000000e+00 -1.6296695116e+01 0.0000000000e+00
0.0000000000e+00 -1.5727663914e+01 0.0000000000e+00
0.0000000000e+00 -1.5157870446e+01 0.0000000000e+00
0.0000000000e+00 -1.4587316744e+01 0.0000000000e+00
0.0000000000e+00 -1.4016004829e+01 0.0000000000e+00
0.0000000000e+00 -1.3443936710e+01 0.0000000000e+00
0.0000000000e+00 -1.2871114379e+01 0.0000000000e+00
0.0000000000e+00 -1.2297539818e+01 0.0000000000e+00
0.0000000000e+00 -1.1723214994e+01 0.0000000000e+00
0.0000000000e+00 -1.1148141862e+01 0.0000000000e+00
0.0000000000e+00 -1.0572322366e+01 0.0000000000e+00
0.0000000000e+00 -9.9957584345e+00 0.0000000000e+00
0.0000000000e+00 -9.4184519852e+00 0.0000000000e+00
0.0000000000e+00 -8.8404049232e+00 0.0000000000e+00
0.0000000000e+00 -8.2616191416e+00 0.0000000000e+00
0.0000000000e+00 -7.6820965212e+00 0.0000000000e+00
0.0000000000e+00 -7.1018389309e+00 0.0000000000e+00
0.0000000000e+00 -6.5208482280e+00 0.0000000000e+00
0.0000000000e+00 -5.9391262579e+00 0.0000000000e+00
0.0000000000e+00 -5.3566748545e+00 0.0000000000e+00
0.0000000000e+00 -4.7734958403e+00 0.0000000000e+00
0.0000000000e+00 -4.1895910264e+00 0.0000000000e+00
0.0000000000e+00 -3.6049622126e+00 0.0000000000e+00
0.0000000000e+00 -3.0196111878e+00 0.0000000000e+00
0.0000000000e+00 -2.4335397297e+00 0.0000000000e+00
0.0000000000e+00 -1.8467496052e+00 0.0000000000e+00
0.0000000000e+00 -1.2592425702e+00 0.0000000000e+00
0.0000000000e+00 -6.7102037030e-01 0.0000000000e+00
0.0000000000e+00 -8.2084740154e-02 0.0000000000e+00
8.7500000000e-01 5.0756259589e-01 1.2315103802e-03
1.2820000000e+00 1.0979199239e+00 3.8767668855e-03
1.5840000000e+00 1.6889855402e+00 7.3215265807e-03
1.8340000000e+00 2.2807577515e+00 1.1378993256e-02
2.0500000000e+00 2.8732348741e+00 1.5913268759e-02
2.2440000000e+00 3.4664152349e+00 2.0900740817e-02
2.4200000000e+00 4.0602971703e+00 2.6250722249e-02
2.5810000000e+00 4.6548790266e+00 3.1891137566e-02
2.7320000000e+00 5.2501591599e+00 3.7874972847e-02
2.8720000000e+00 5.8461359357e+00 4.4063321795e-02
3.0040000000e+00 6.4428077292e+00 5.0493635470e-02
3.1290000000e+00 7.0401729252e+00 5.7143338151e-02
3.2480000000e+00 7.6382299174e+00 6.4003931541e-02
3.3610000000e+00 8.2369771093e+00 7.1019279776e-02
3.4690000000e+00 8.8364129131e+00 7.8197879482e-02
3.5720000000e+00 9.4365357504e+00 8.5493044289e-02
3.6710000000e+00 1.0037344052e+01 9.2931324055e-02
3.7660000000e+00 1.0638836256e+01 1.0047626578e-01
3.8580000000e+00 1.1241010813e+01 1.0817267122e-01
3.9460000000e+00 1.1843866179e+01 1.1590883480e-01
4.0320000000e+00 1.2447400819e+01 1.2382575250e-01
4.1140000000e+00 1.3051613208e+01 1.3172155543e-01
4.1940000000e+00 1.3656501829e+01 1.3975164245e-01
4.2720000000e+00 1.4262065174e+01 1.4789969821e-01
4.3470000000e+00 1.4868301741e+01 1.5604516553e-01
4.4190000000e+00 1.5475210040e+01 1.6416063779e-01
4.4900000000e+00 1.6082788587e+01 1.7244056330e-01
4.5590000000e+00 1.6691035905e+01 1.8076400900e-01
4.6260000000e+00 1.7299950528e+01 1.8911387519e-01
4.6910000000e+00 1.7909530997e+01 1.9747303920e-01
4.7540000000e+00 1.8519775859e+01 2.0582440000e-01
4.8160000000e+00 1.9130683671e+01 2.1427845438e-01
4.8760000000e+00 1.9742252998e+01 2.2269708656e-01
4.9350000000e+00 2.0354482411e+01 2.3119722337e-01
4.9920000000e+00 2.0967370491e+01 2.3963431189e-01
5.0480000000e+00 2.1580915824e+01 2.4813164190e-01
5.1020000000e+00 2.2195117006e+01 2.5653848362e-01
5.1560000000e+00 2.2809972638e+01 2.6513057152e-01
5.2080000000e+00 2.3425481331e+01 2.7361097426e-01
5.2590000000e+00 2.4041641701e+01 2.8211531124e-01
5.3080000000e+00 2.4658452374e+01 2.9048103036e-01
5.3570000000e+00 2.5275911980e+01 2.9900764465e-01
5.4050000000e+00 2.5894019158e+01 3.0753551709e-01
5.4520000000e+00 2.6512772555e+01 3.1605710362e-01
5.4970000000e+00 2.7132170824e+01 3.2439867839e-01
5.5420000000e+00 2.7752212624e+01 3.3288244556e-01
5.5860000000e+00 2.8372896622e+01 3.4133752460e-01
5.6290000000e+00 2.8994221493e+01 3.4975652645e-01
5.6710000000e+00 2.9616185916e+01 3.5813211934e-01
5.7120000000e+00 3.0238788580e+01 3.6645703577e-01
5.7530000000e+00 3.0862028178e+01 3.7490606822e-01
5.7930000000e+00 3.1485903412e+01 3.8329512845e-01
5.8310000000e+00 3.2110412988e+01 3.9143003123e-01
5.8700000000e+00 3.2735555621e+01 3.9986474674e-01
5.9070000000e+00 3.3361330031e+01 4.0803123269e-01
5.9440000000e+00 3.3987734945e+01 4.1630388904e-01
5.9800000000e+00 3.4614769096e+01 4.2448632060e-01
6.0160000000e+00 3.5242431223e+01 4.3277070680e-01
6.0500000000e+00 3.5870720074e+01 4.4075458794e-01
6.0850000000e+00 3.6499634399e+01 4.4903519105e-01
6.1180000000e+00 3.7129172958e+01 4.5700191003e-01
6.1510000000e+00 3.7759334515e+01 4.6505760347e-01
6.1830000000e+00 3.8390117840e+01 4.7299213910e-01
6.2150000000e+00 3.9021521710e+01 4.8101150776e-01
6.2470000000e+00 3.9653544908e+01 4.8911581562e-01
6.2770000000e+00 4.0286186222e+01 4.9687167488e-01
6.3080000000e+00 4.0919444447e+01 5.0492290777e-01
6.3370000000e+00 4.1553318383e+01 5.1261319002e-01
6.3670000000e+00 4.2187806836e+01 5.2059894784e-01
6.3950000000e+00 4.2822908619e+01 5.2821149848e-01
6.4230000000e+00 4.3458622548e+01 5.3589266268e-01
6.4510000000e+00 4.4094947448e+01 5.4364244845e-01
6.4790000000e+00 4.4731882147e+01 5.5146085431e-01
6.5050000000e+00 4.5369425480e+01 5.5888233072e-01
6.5320000000e+00 4.6007576288e+01 5.6659930843e-01
6.5580000000e+00 4.6646333414e+01 5.7414440169e-01
6.5840000000e+00 4.7285695712e+01 5.8175031675e-01
6.6090000000e+00 4.7925662037e+01 5.8917678113e-01
6.6340000000e+00 4.8566231251e+01 5.9666028488e-01
6.6580000000e+00 4.9207402222e+01 6.0395696463e-01
6.6820000000e+00 4.9849173822e+01 6.1130698788e-01
6.7060000000e+00 5.0491544929e+01 6.1871028735e-01
6.7290000000e+00 5.1134514426e+01 6.2591775830e-01
6.7520000000e+00 5.1778081202e+01 6.3317489232e-01
6.7740000000e+00 5.2422244149e+01 6.4022922618e-01
6.7960000000e+00 5.3067002167e+01 6.4732970924e-01
6.8180000000e+00 5.3712354158e+01 6.5447625463e-01
6.8400000000e+00 5.4358299032e+01 6.6166877012e-01
6.8610000000e+00 5.5004835702e+01 6.6864825768e-01
6.8820000000e+00 5.5651963087e+01 6.7567029372e-01
6.9030000000e+00 5.6299680110e+01 6.8273477784e-01
6.9230000000e+00 5.6947985700e+01 6.8957801222e-01
6.9430000000e+00 5.7596878790e+01 6.9646037977e-01
6.9620000000e+00 5.8246358318e+01 7.0311518964e-01
6.9820000000e+00 5.8896423227e+01 7.1007398356e-01
7.0010000000e+00 5.9547072464e+01 7.1680201773e-01
7.0200000000e+00 6.0198304982e+01 7.2356576789e-01
7.0380000000e+00 6.0850119738e+01 7.3009269162e-01
7.0560000000e+00 6.1502515694e+01 7.3665224736e-01
7.0740000000e+00 6.2155491816e+01 7.4324432485e-01
7.0920000000e+00 6.2809047074e+01 7.4986881055e-01
7.1100000000e+00 6.3463180445e+01 7.5652558761e-01
7.1270000000e+00 6.4117890908e+01 7.6293518492e-01
7.1440000000e+00 6.4773177447e+01 7.6937411349e-01
7.1600000000e+00 6.5429039052e+01 7.7556029606e-01
7.1770000000e+00 6.6085474716e+01 7.8205621251e-01
7.1930000000e+00 6.6742483436e+01 7.8829655105e-01
7.2090000000e+00 6.7400064215e+01 7.9456316102e-01
7.2250000000e+00 6.8058216059e+01 8.0085592747e-01
7.2400000000e+00 6.8716937979e+01 8.0688643528e-01
7.2560000000e+00 6.9376228989e+01 8.1322990459e-01
7.2710000000e+00 7.0036088109e+01 8.1930842028e-01
7.2860000000e+00 7.0696514363e+01 8.2541016759e-01
7.3000000000e+00 7.1357506777e+01 8.3124193595e-01
7.3150000000e+00 7.2019064385e+01 8.3738861115e-01
7.3290000000e+00 7.2681186221e+01 8.4326275076e-01
7.3430000000e+00 7.3343871326e+01 8.4915734237e-01
7.3570000000e+00 7.4007118744e+01 8.5507227585e-01
7.3710000000e+00 7.4670927522e+01 8.6100743932e-01
7.3840000000e+00 7.5335296714e+01 8.6666284361e-01
7.3980000000e+00 7.6000225375e+01 8.7263700923e-01
7.4110000000e+00 7.6665712565e+01 8.7832900986e-01
7.4240000000e+00 7.7331757349e+01 8.8403861524e-01
7.4360000000e+00 7.7998358794e+01 8.8946160038e-01
7.4490000000e+00 7.8665515973e+01 8.9520504191e-01
7.4610000000e+00 7.9333227960e+01 9.0065960091e-01
7.4740000000e+00 8.0001493836e+01 9.0643645548e-01
7.4860000000e+00 8.0670312683e+01 9.1192217681e-01
7.4980000000e+00 8.1339683590e+01 9.1742282927e-01
7.5090000000e+00 8.2009605646e+01 9.2262819528e-01
7.5210000000e+00 8.2680077947e+01 9.2815742523e-01
7.5320000000e+00 8.3351099590e+01 9.3338926285e-01
7.5440000000e+00 8.4022669678e+01 9.3894666965e-01
7.5550000000e+00 8.4694787317e+01 9.4420459102e-01
7.5660000000e+00 8.5367451615e+01 9.4947494990e-01
7.5770000000e+00 8.6040661686e+01 9.5475765072e-01
7.5870000000e+00 8.6714416647e+01 9.5973601419e-01
7.5980000000e+00 8.7388715616e+01 9.6504220843e-01
7.6080000000e+00 8.8063557718e+01 9.7004212391e-01
7.6180000000e+00 8.8738942081e+01 9.7505225718e-01
7.6280000000e+00 8.9414867834e+01 9.8007252129e-01
7.6380000000e+00 9.0091334112e+01 9.8510282863e-01
7.6480000000e+00 9.0768340052e+01 9.9014309092e-01
7.6580000000e+00 9.1445884796e+01 9.9519321922e-01
7.6670000000e+00 9.2123967487e+01 9.9992982246e-01
7.6770000000e+00 9.2802587274e+01 1.0049985926e+00
7.6860000000e+00 9.3481743308e+01 1.0097520682e+00
7.6950000000e+00 9.4161434743e+01 1.0145134718e+00
7.7040000000e+00 9.4841660737e+01 1.0192827241e+00
7.7130000000e+00 9.5522420452e+01 1.0240597455e+00
7.7220000000e+00 9.6203713051e+01 1.0288444555e+00
7.7310000000e+00 9.6885537702e+01 1.0336367735e+00
7.7390000000e+00 9.7567893577e+01 1.0381072214e+00
7.7480000000e+00 9.8250779849e+01 1.0429137682e+00
7.7560000000e+00 9.8934195697e+01 1.0473968463e+00
7.7640000000e+00 9.9618140299e+01 1.0518857824e+00
7.7720000000e+00 1.0030261284e+02 1.0563805060e+00
7.7800000000e+00 1.0098761251e+02 1.0608809463e+00
7.7880000000e+00 1.0167313849e+02 1.0653870322e+00
7.7960000000e+00 1.0235918998e+02 1.0698986922e+00
7.8040000000e+00 1.0304576618e+02 1.0744158545e+00
7.8110000000e+00 1.0373286628e+02 1.0786028928e+00
7.8190000000e+00 1.0442048949e+02 1.0831301795e+00
7.8260000000e+00 1.0510863501e+02 1.0873259188e+00
7.8330000000e+00 1.0579730205e+02 1.0915256042e+00
7.8410000000e+00 1.0648648983e+02 1.0960672367e+00
7.8480000000e+00 1.0717619754e+02 1.1002752374e+00
7.8550000000e+00 1.0786642443e+02 1.1044869960e+00
7.8620000000e+00 1.0855716969e+02 1.1087024508e+00
7.8680000000e+00 1.0924843256e+02 1.1125810725e+00
7.8750000000e+00 1.0994021226e+02 1.1168031421e+00
7.8820000000e+00 1.1063250803e+02 1.1210287254e+00
7.8880000000e+00 1.1132531909e+02 1.1249155693e+00
7.8950000000e+00 1.1201864467e+02 1.1291474124e+00
7.9010000000e+00 1.1271248402e+02 1.1330392780e+00
7.9070000000e+00 1.1340683638e+02 1.1369333052e+00
7.9130000000e+00 1.1410170098e+02 1.1408294423e+00
7.9190000000e+00 1.1479707708e+02 1.1447276376e+00
7.9250000000e+00 1.1549296392e+02 1.1486278393e+00
7.9310000000e+00 1.1618936076e+02 1.1525299954e+00
7.9370000000e+00 1.1688626684e+02 1.1564340540e+00
7.9430000000e+00 1.1758368143e+02 1.1603399630e+00
7.9480000000e+00 1.1828160379e+02 1.1639002382e+00
7.9540000000e+00 1.1898003317e+02 1.1678091877e+00
7.9600000000e+00 1.1967896884e+02 1.1717198346e+00
7.9650000000e+00 1.2037841008e+02 1.1752832314e+00
7.9700000000e+00 1.2107835614e+02 1.1788472721e+00
7.9760000000e+00 1.2177880630e+02 1.1827617189e+00
7.9810000000e+00 1.2247975985e+02 1.1863273715e+00
7.9860000000e+00 1.2318121605e+02 1.1898935393e+00
7.9910000000e+00 1.2388317418e+02 1.1934601807e+00
7.9960000000e+00 1.2458563354e+02 1.1970272537e+00
8.0010000000e+00 1.2528859340e+02 1.2005947166e+00
8.0060000000e+00 1.2599205306e+02 1.2041625275e+00
8.0110000000e+00 1.2669601180e+02 1.2077306446e+00
8.0150000000e+00 1.2740046892e+02 1.2109457245e+00
8.0200000000e+00 1.2810542371e+02 1.2145139067e+00
8.0240000000e+00 1.2881087548e+02 1.2177281663e+00
8.0290000000e+00 1.2951682352e+02 1.2212962600e+00
8.0330000000e+00 1.3022326713e+02 1.2245095587e+00
8.0380000000e+00 1.3093020563e+02 1.2280774103e+00
8.0420000000e+00 1.3163763831e+02 1.2312896078e+00
8.0460000000e+00 1.3234556450e+02 1.2345010183e+00
8.0510000000e+00 1.3305398350e+02 1.2380680200e+00
8.0550000000e+00 1.3376289463e+02 1.2412781224e+00
8.0590000000e+00 1.3447229721e+02 1.2444873391e+00
8.0630000000e+00 1.3518219055e+02 1.2476956385e+00
8.0670000000e+00 1.3589257398e+02 1.2509029889e+00
8.0710000000e+00 1.3660344683e+02 1.2541093585e+00
8.0740000000e+00 1.3731480841e+02 1.2569561841e+00
8.0780000000e+00 1.3802665807e+02 1.2601601549e+00
8.0820000000e+00 1.3873899513e+02 1.2633630532e+00
8.0860000000e+00 1.3945181892e+02 1.2665648478e+00
8.0890000000e+00 1.4016512879e+02 1.2694056555e+00
8.0930000000e+00 1.4087892406e+02 1.2726048179e+00
8.0960000000e+00 1.4159320409e+02 1.2754423078e+00
8.1000000000e+00 1.4230796821e+02 1.2786387251e+00
8.1030000000e+00 1.4302321576e+02 1.2814727964e+00
8.1060000000e+00 1.4373894611e+02 1.2843049770e+00
8.1100000000e+00 1.4445515859e+02 1.2874969082e+00
8.1130000000e+00 1.4517185256e+02 1.2903255225e+00
8.1160000000e+00 1.4588902737e+02 1.2931521769e+00
8.1190000000e+00 1.4660668238e+02 1.2959768492e+00
8.1220000000e+00 1.4732481694e+02 1.2987995176e+00
8.1250000000e+00 1.4804343042e+02 1.3016201600e+00
8.1280000000e+00 1.4876252218e+02 1.3044387547e+00
8.1310000000e+00 1.4948209158e+02 1.3072552798e+00
8.1340000000e+00 1.5020213799e+02 1.3100697136e+00
8.1370000000e+00 1.5092266078e+02 1.3128820345e+00
8.1400000000e+00 1.5164365932e+02 1.3156922209e+00
8.1430000000e+00 1.5236513299e+02 1.3185002511e+00
8.1450000000e+00 1.5308708115e+02 1.3209412434e+00
8.1480000000e+00 1.5380950318e+02 1.3237446490e+00
8.1510000000e+00 1.5453239847e+02 1.3265458370e+00
8.1530000000e+00 1.5525576640e+02 1.3289792169e+00
8.1560000000e+00 1.5597960634e+02 1.3317756662e+00
8.1580000000e+00 1.5670391769e+02 1.3342038175e+00
8.1610000000e+00 1.5742869983e+02 1.3369954545e+00
8.1630000000e+00 1.5815395215e+02 1.3394183143e+00
8.1650000000e+00 1.5887967404e+02 1.3418384035e+00
8.1680000000e+00 1.5960586489e+02 1.3446225720e+00
8.1700000000e+00 1.6033252411e+02 1.3470372789e+00
8.1720000000e+00 1.6105965108e+02 1.3494491737e+00
8.1750000000e+00 1.6178724520e+02 1.3522257193e+00
8.1770000000e+00 1.6251530588e+02 1.3546321423e+00
8.1790000000e+00 1.6324383253e+02 1.3570357125e+00
8.1810000000e+00 1.6397282453e+02 1.3594364173e+00
8.1830000000e+00 1.6470228130e+02 1.3618342439e+00
8.1850000000e+00 1.6543220226e+02 1.3642291800e+00
8.1870000000e+00 1.6616258680e+02 1.3666212130e+00
8.1890000000e+00 1.6689343435e+02 1.3690103306e+00
8.1910000000e+00 1.6762474431e+02 1.3713965205e+00
8.1930000000e+00 1.6835651610e+02 1.3737797703e+00
8.1950000000e+00 1.6908874914e+02 1.3761600679e+00
8.1960000000e+00 1.6982144285e+02 1.3781679595e+00
8.1980000000e+00 1.7055459665e+02 1.3805421519e+00
8.2000000000e+00 1.7128820996e+02 1.3829133584e+00
8.2020000000e+00 1.7202228222e+02 1.3852815670e+00
8.2030000000e+00 1.7275681284e+02 1.3872767032e+00
8.2050000000e+00 1.7349180125e+02 1.3896387253e+00
8.2060000000e+00 1.7422724689e+02 1.3916273683e+00
8.2080000000e+00 1.7496314918e+02 1.3939831663e+00
8.2100000000e+00 1.7569950757e+02 1.3963359125e+00
8.2110000000e+00 1.7643632148e+02 1.3983148242e+00
8.2120000000e+00 1.7717359035e+02 1.4002903952e+00
8.2140000000e+00 1.7791131363e+02 1.4026336342e+00
8.2150000000e+00 1.7864949076e+02 1.4046026275e+00
8.2170000000e+00 1.7938812117e+02 1.4069395326e+00
8.2180000000e+00 1.8012720431e+02 1.4089019209e+00
8.2190000000e+00 1.8086673963e+02 1.4108609406e+00
8.2210000000e+00 1.8160672657e+02 1.4131882132e+00
8.2220000000e+00 1.8234716459e+02 1.4151405900e+00
8.2230000000e+00 1.8308805313e+02 1.4170895826e+00
8.2240000000e+00 1.8382939165e+02 1.4190351865e+00
8.2250000000e+00 1.8457117960e+02 1.4209773974e+00
8.2270000000e+00 1.8531341645e+02 1.4232883776e+00
8.2280000000e+00 1.8605610163e+02 1.4252238876e+00
8.2290000000e+00 1.8679923463e+02 1.4271559897e+00
8.2300000000e+00 1.8754281489e+02 1.4290846798e+00
8.2310000000e+00 1.8828684188e+02 1.4310099537e+00
8.2320000000e+00 1.8903131506e+02 1.4329318074e+00
8.2330000000e+00 1.8977623390e+02 1.4348502369e+00
8.2340000000e+00 1.9052159787e+02 1.4367652382e+00
8.2350000000e+00 1.9126740643e+02 1.4386768075e+00
8.2360000000e+00 1.9201365906e+02 1.4405849407e+00
8.2360000000e+00 1.9276035523e+02 1.4421165717e+00
8.2370000000e+00 1.9350749441e+02 1.4440177426e+00
8.2380000000e+00 1.9425507607e+02 1.4459154682e+00
8.2390000000e+00 1.9500309971e+02 1.4478097448e+00
8.2400000000e+00 1.9575156478e+02 1.4497005690e+00
8.2400000000e+00 1.9650047077e+02 1.4512145145e+00
8.2410000000e+00 1.9724981717e+02 1.4530983532e+00
8.2420000000e+00 1.9799960346e+02 1.4549787307e+00
8.2430000000e+00 1.9874982911e+02 1.4568556437e+00
8.2430000000e+00 1.9950049362e+02 1.4583554140e+00
8.2440000000e+00 2.0025159648e+02 1.4602253254e+00
8.2440000000e+00 2.0100313717e+02 1.4617179817e+00
8.2450000000e+00 2.0175511519e+02 1.4635808859e+00
8.2460000000e+00 2.0250753002e+02 1.4654403131e+00
8.2460000000e+00 2.0326038116e+02 1.4669223209e+00
8.2470000000e+00 2.0401366810e+02 1.4687747312e+00
8.2470000000e+00 2.0476739034e+02 1.4702496269e+00
8.2480000000e+00 2.0552154739e+02 1.4720950155e+00
8.2480000000e+00 2.0627613873e+02 1.4735628010e+00
8.2480000000e+00 2.0703116386e+02 1.4750270160e+00
8.2490000000e+00 2.0778662230e+02 1.4768618412e+00
8.2490000000e+00 2.0854251354e+02 1.4783189511e+00
8.2500000000e+00 2.0929883709e+02 1.4801467458e+00
8.2500000000e+00 2.1005559245e+02 1.4815967533e+00
8.2500000000e+00 2.1081277914e+02 1.4830431983e+00
8.2510000000e+00 2.1157039666e+02 1.4848604223e+00
8.2510000000e+00 2.1232844452e+02 1.4862997711e+00
8.2510000000e+00 2.1308692224e+02 1.4877355628e+00
8.2510000000e+00 2.1384582932e+02 1.4891677998e+00
8.2520000000e+00 2.1460516529e+02 1.4909709166e+00
8.2520000000e+00 2.1536492965e+02 1.4923960677e+00
8.2520000000e+00 2.1612512193e+02 1.4938176699e+00
8.2520000000e+00 2.1688574165e+02 1.4952357258e+00
8.2520000000e+00 2.1764678832e+02 1.4966502379e+00
8.2520000000e+00 2.1840826146e+02 1.4980612087e+00
8.2530000000e+00 2.1917016061e+02 1.4998431618e+00
8.2530000000e+00 2.1993248527e+02 1.5012470656e+00
8.2530000000e+00 2.2069523499e+02 1.5026474347e+00
8.2530000000e+00 2.2145840928e+02 1.5040442716e+00
8.2530000000e+00 2.2222200768e+02 1.5054375791e+00
8.2530000000e+00 2.2298602971e+02 1.5068273599e+00
8.2530000000e+00 2.2375047490e+02 1.5082136168e+00
8.2530000000e+00 2.2451534279e+02 1.5095963526e+00
8.2530000000e+00 2.2528063291e+02 1.5109755700e+00
8.2530000000e+00 2.2604634479e+02 1.5123512720e+00
8.2530000000e+00 2.2681247797e+02 1.5137234613e+00
8.2530000000e+00 2.2757903199e+02 1.5150921410e+00
8.2530000000e+00 2.2834600639e+02 1.5164573139e+00
8.2520000000e+00 2.2911340070e+02 1.5174444662e+00
8.2520000000e+00 2.2988121446e+02 1.5188026440e+00
8.2520000000e+00 2.3064944722e+02 1.5201573254e+00
8.2520000000e+00 2.3141809853e+02 1.5215085133e+00
8.2520000000e+00 2.3218716792e+02 1.5228562108e+00
8.2520000000e+00 2.3295665494e+02 1.5242004209e+00
8.2520000000e+00 2.3372655914e+02 1.5255411468e+00
8.2510000000e+00 2.3449688007e+02 1.5265039781e+00
8.2510000000e+00 2.3526761728e+02 1.5278377635e+00
8.2510000000e+00 2.3603877031e+02 1.5291680754e+00
8.2510000000e+00 2.3681033873e+02 1.5304949171e+00
8.2500000000e+00 2.3758232208e+02 1.5314439679e+00
8.2500000000e+00 2.3835471992e+02 1.5327639022e+00
8.2500000000e+00 2.3912753180e+02 1.5340803772e+00
8.2490000000e+00 2.3990075728e+02 1.5350191542e+00
8.2490000000e+00 2.4067439592e+02 1.5363287477e+00
8.2490000000e+00 2.4144844727e+02 1.5376348931e+00
8.2480000000e+00 2.4222291091e+02 1.5385634436e+00
8.2480000000e+00 2.4299778638e+02 1.5398627338e+00
8.2480000000e+00 2.4377307325e+02 1.5411585873e+00
8.2470000000e+00 2.4454877110e+02 1.5420769593e+00
8.2470000000e+00 2.4532487947e+02 1.5433659840e+00
8.2460000000e+00 2.4610139794e+02 1.5442776109e+00
8.2460000000e+00 2.4687832607e+02 1.5455598254e+00
8.2460000000e+00 2.4765566344e+02 1.5468386231e+00
8.2450000000e+00 2.4843340961e+02 1.5477401531e+00
8.2450000000e+00 2.4921156415e+02 1.5490121676e+00
8.2440000000e+00 2.4999012663e+02 1.5499070090e+00
8.2440000000e+00 2.5076909664e+02 1.5511722593e+00
8.2430000000e+00 2.5154847373e+02 1.5520604351e+00
8.2430000000e+00 2.5232825750e+02 1.5533189401e+00
8.2420000000e+00 2.5310844750e+02 1.5542004736e+00
8.2420000000e+00 2.5388904333e+02 1.5554522526e+00
8.2410000000e+00 2.5467004456e+02 1.5563271669e+00
8.2410000000e+00 2.5545145076e+02 1.5575722392e+00
8.2400000000e+00 2.5623326153e+02 1.5584405578e+00
8.2390000000e+00 2.5701547643e+02 1.5593056147e+00
8.2390000000e+00 2.5779809506e+02 1.5605406888e+00
8.2380000000e+00 2.5858111700e+02 1.5613991860e+00
8.2380000000e+00 2.5936454183e+02 1.5626276032e+00
8.2370000000e+00 2.6014836914e+02 1.5634795641e+00
8.2360000000e+00 2.6093259851e+02 1.5643282954e+00
8.2360000000e+00 2.6171722954e+02 1.5655467922e+00
8.2350000000e+00 2.6250226181e+02 1.5663890235e+00
8.2340000000e+00 2.6328769492e+02 1.5672280447e+00
8.2340000000e+00 2.6407352845e+02 1.5684366687e+00
8.2330000000e+00 2.6485976200e+02 1.5692692263e+00
8.2320000000e+00 2.6564639516e+02 1.5700985933e+00
8.2320000000e+00 2.6643342752e+02 1.5712973924e+00
8.2310000000e+00 2.6722085868e+02 1.5721203323e+00
8.2300000000e+00 2.6800868824e+02 1.5729401010e+00
8.2290000000e+00 2.6879691580e+02 1.5737567053e+00
8.2290000000e+00 2.6958554095e+02 1.5749425016e+00
8.2280000000e+00 2.7037456329e+02 1.5757527283e+00
8.2270000000e+00 2.7116398242e+02 1.5765598101e+00
8.2260000000e+00 2.7195379795e+02 1.5773637539e+00
8.2250000000e+00 2.7274400947e+02 1.5781645665e+00
8.2250000000e+00 2.7353461660e+02 1.5793342518e+00
8.2240000000e+00 2.7432561893e+02 1.5801287490e+00
8.2230000000e+00 2.7511701607e+02 1.5809201346e+00
8.2220000000e+00 2.7590880762e+02 1.5817084153e+00
8.2210000000e+00 2.7670099320e+02 1.5824935979e+00
8.2210000000e+00 2.7749357242e+02 1.5836473139e+00
8.2200000000e+00 2.7828654487e+02 1.5844262437e+00
8.2190000000e+00 2.7907991018e+02 1.5852020951e+00
8.2180000000e+00 2.7987366795e+02 1.5859748747e+00
8.2170000000e+00 2.8066781780e+02 1.5867445895e+00
8.2160000000e+00 2.8146235934e+02 1.5875112461e+00
8.2150000000e+00 2.8225729218e+02 1.5882748515e+00
8.2140000000e+00 2.8305261594e+02 1.5890354122e+00
8.2140000000e+00 2.8384833023e+02 1.5901639235e+00
8.2130000000e+00 2.8464443468e+02 1.5909183327e+00
8.2120000000e+00 2.8544092889e+02 1.5916697169e+00
8.2110000000e+00 2.8623781250e+02 1.5924180829e+00
8.2100000000e+00 2.8703508511e+02 1.5931634376e+00
8.2090000000e+00 2.8783274635e+02 1.5939057877e+00
8.2080000000e+00 2.8863079585e+02 1.5946451399e+00
8.2070000000e+00 2.8942923321e+02 1.5953815010e+00
8.2060000000e+00 2.9022805808e+02 1.5961148778e+00
8.2050000000e+00 2.9102727006e+02 1.5968452771e+00
8.2040000000e+00 2.9182686879e+02 1.5975727056e+00
8.2030000000e+00 2.9262685390e+02 1.5982971700e+00
8.2020000000e+00 2.9342722500e+02 1.5990186772e+00
8.2010000000e+00 2.9422798174e+02 1.5997372338e+00
8.2000000000e+00 2.9502912373e+02 1.6004528466e+00
8.1990000000e+00 2.9583065060e+02 1.6011655223e+00
8.1980000000e+00 2.9663256200e+02 1.6018752678e+00
8.1970000000e+00 2.9743485754e+02 1.6025820896e+00
8.1960000000e+00 2.9823753687e+02 1.6032859946e+00
8.1950000000e+00 2.9904059961e+02 1.6039869896e+00
8.1940000000e+00 2.9984404540e+02 1.6046850811e+00
8.1930000000e+00 3.0064787387e+02 1.6053802759e+00
8.1920000000e+00 3.0145208467e+02 1.6060725808e+00
8.1910000000e+00 3.0225667742e+02 1.6067620025e+00
8.1890000000e+00 3.0306165177e+02 1.6070797299e+00
8.1880000000e+00 3.0386700735e+02 1.6077635035e+00
8.1870000000e+00 3.0467274380e+02 1.6084444146e+00
8.1860000000e+00 3.0547886077e+02 1.6091224699e+00
8.1850000000e+00 3.0628535789e+02 1.6097976761e+00
8.1840000000e+00 3.0709223481e+02 1.6104700398e+00
8.1830000000e+00 3.0789949117e+02 1.6111395677e+00
8.1820000000e+00 3.0870712660e+02 1.6118062666e+00
8.1810000000e+00 3.0951514077e+02 1.6124701430e+00
8.1790000000e+00 3.1032353331e+02 1.6127632879e+00
8.1780000000e+00 3.1113230387e+02 1.6134216429e+00
8.1770000000e+00 3.1194145209e+02 1.6140771960e+00
8.1760000000e+00 3.1275097763e+02 1.6147299540e+00
8.1750000000e+00 3.1356088012e+02 1.6153799233e+00
8.1740000000e+00 3.1437115923e+02 1.6160271108e+00
8.1720000000e+00 3.1518181461e+02 1.6163042312e+00
8.1710000000e+00 3.1599284589e+02 1.6169459813e+00
8.1700000000e+00 3.1680425274e+02 1.6175849699e+00
8.1690000000e+00 3.1761603480e+02 1.6182212036e+00
8.1680000000e+00 3.1842819174e+02 1.6188546890e+00
8.1670000000e+00 3.1924072320e+02 1.6194854327e+00
8.1650000000e+00 3.2005362884e+02 1.6197467921e+00
8.1640000000e+00 3.2086690832e+02 1.6203721819e+00
8.1630000000e+00 3.2168056129e+02 1.6209948504e+00
8.1620000000e+00 3.2249458740e+02 1.6216148041e+00
8.1600000000e+00 3.2330898633e+02 1.6218658364e+00
8.1590000000e+00 3.2412375772e+02 1.6224804918e+00
8.1580000000e+00 3.2493890125e+02 1.6230924526e+00
8.1570000000e+00 3.2575441655e+02 1.6237017254e+00
8.1560000000e+00 3.2657030331e+02 1.6243083166e+00
8.1540000000e+00 3.2738656118e+02 1.6245465767e+00
8.1530000000e+00 3.2820318982e+02 1.6251479385e+00
8.1520000000e+00 3.2902018890e+02 1.6257466390e+00
8.1510000000e+00 3.2983755808e+02 1.6263426846e+00
8.1490000000e+00 3.3065529702e+02 1.6265708777e+00
8.1480000000e+00 3.3147340540e+02 1.6271617488e+00
8.1470000000e+00 3.3229188288e+02 1.6277499850e+00
8.1450000000e+00 3.3311072912e+02 1.6279707306e+00
8.1440000000e+00 3.3392994380e+02 1.6285538335e+00
8.1430000000e+00 3.3474952659e+02 1.6291343214e+00
8.1420000000e+00 3.3556947714e+02 1.6297122008e+00
8.1400000000e+00 3.3638979514e+02 1.6299230798e+00
8.1390000000e+00 3.3721048026e+02 1.6304958803e+00
8.1380000000e+00 3.3803153216e+02 1.6310660921e+00
8.1360000000e+00 3.3885295052e+02 1.6312696734e+00
8.1350000000e+00 3.3967473502e+02 1.6318348470e+00
8.1340000000e+00 3.4049688532e+02 1.6323974516e+00
8.1320000000e+00 3.4131940110e+02 1.6325937991e+00
8.1310000000e+00 3.4214228204e+02 1.6331514062e+00
8.1300000000e+00 3.4296552781e+02 1.6337064638e+00
8.1280000000e+00 3.4378913810e+02 1.6338956408e+00
8.1270000000e+00 3.4461311257e+02 1.6344457413e+00
8.1260000000e+00 3.4543745090e+02 1.6349933120e+00
8.1240000000e+00 3.4626215278e+02 1.6351753815e+00
8.1230000000e+00 3.4708721789e+02 1.6357180352e+00
8.1220000000e+00 3.4791264590e+02 1.6362581785e+00
8.1200000000e+00 3.4873843650e+02 1.6364332033e+00
8.1190000000e+00 3.4956458937e+02 1.6369684696e+00
8.1180000000e+00 3.5039110418e+02 1.6375012449e+00
8.1160000000e+00 3.5121798063e+02 1.6376692873e+00
8.1150000000e+00 3.5204521840e+02 1.6381972253e+00
8.1130000000e+00 3.5287281718e+02 1.6383606862e+00
8.1120000000e+00 3.5370077664e+02 1.6388838137e+00
8.1110000000e+00 3.5452909647e+02 1.6394044823e+00
8.1090000000e+00 3.5535777637e+02 1.6395610641e+00
8.1080000000e+00 3.5618681601e+02 1.6400769615e+00
8.1070000000e+00 3.5701621509e+02 1.6405904193e+00
8.1050000000e+00 3.5784597330e+02 1.6407401834e+00
8.1040000000e+00 3.5867609032e+02 1.6412489092e+00
8.1020000000e+00 3.5950656584e+02 1.6413942016e+00
8.1010000000e+00 3.6033739956e+02 1.6418982217e+00
8.1000000000e+00 3.6116859117e+02 1.6423998339e+00
8.0980000000e+00 3.6200014035e+02 1.6425384103e+00
8.0970000000e+00 3.6283204681e+02 1.6430353557e+00
8.0950000000e+00 3.6366431023e+02 1.6431695281e+00
8.0940000000e+00 3.6449693031e+02 1.6436618326e+00
8.0920000000e+00 3.6532990674e+02 1.6437916282e+00
8.0910000000e+00 3.6616323923e+02 1.6442793177e+00
8.0900000000e+00 3.6699692745e+02 1.6447646436e+00
8.0880000000e+00 3.6783097112e+02 1.6448878636e+00
8.0870000000e+00 3.6866536993e+02 1.6453686129e+00
8.0850000000e+00 3.6950012358e+02 1.6454875228e+00
8.0840000000e+00 3.7033523176e+02 1.6459637212e+00
8.0820000000e+00 3.7117069417e+02 1.6460783475e+00
8.0810000000e+00 3.7200651052e+02 1.6465500204e+00
8.0800000000e+00 3.7284268051e+02 1.6470193733e+00
8.0780000000e+00 3.7367920383e+02 1.6471275626e+00
8.0770000000e+00 3.7451608019e+02 1.6475924279e+00
8.0750000000e+00 3.7535330929e+02 1.6476963994e+00
8.0740000000e+00 3.7619089083e+02 1.6481568025e+00
8.0720000000e+00 3.7702882452e+02 1.6482565823e+00
8.0710000000e+00 3.7786711007e+02 1.6487125483e+00
8.0690000000e+00 3.7870574716e+02 1.6488081624e+00
8.0680000000e+00 3.7954473552e+02 1.6492597164e+00
8.0660000000e+00 3.8038407485e+02 1.6493511908e+00
8.0650000000e+00 3.8122376485e+02 1.6497983578e+00
8.0630000000e+00 3.8206380524e+02 1.6498857182e+00
8.0620000000e+00 3.8290419571e+02 1.6503285231e+00
8.0600000000e+00 3.8374493598e+02 1.6504117952e+00
8.0590000000e+00 3.8458602576e+02 1.6508502628e+00
8.0580000000e+00 3.8542746476e+02 1.6512865021e+00
8.0560000000e+00 3.8626925268e+02 1.6513636271e+00
8.0550000000e+00 3.8711138924e+02 1.6517955658e+00
8.0530000000e+00 3.8795387416e+02 1.6518686660e+00
8.0520000000e+00 3.8879670713e+02 1.6522963285e+00
8.0500000000e+00 3.8963988788e+02 1.6523654291e+00
8.0490000000e+00 3.9048341612e+02 1.6527888401e+00
8.0470000000e+00 3.9132729157e+02 1.6528539662e+00
8.0460000000e+00 3.9217151392e+02 1.6532731498e+00
8.0440000000e+00 3.9301608292e+02 1.6533343265e+00
8.0430000000e+00 3.9386099825e+02 1.6537493069e+00
8.0410000000e+00 3.9470625966e+02 1.6538065590e+00
8.0400000000e+00 3.9555186684e+02 1.6542173604e+00
8.0380000000e+00 3.9639781952e+02 1.6542707127e+00
8.0370000000e+00 3.9724411742e+02 1.6546773591e+00
8.0350000000e+00 3.9809076026e+02 1.6547268362e+00
8.0330000000e+00 3.9893774774e+02 1.6547744484e+00
8.0320000000e+00 3.9978507961e+02 1.6551749778e+00
8.0300000000e+00 4.0063275556e+02 1.6552187517e+00
8.0290000000e+00 4.0148077533e+02 1.6556151858e+00
8.0270000000e+00 4.0232913864e+02 1.6556551457e+00
8.0260000000e+00 4.0317784521e+02 1.6560475082e+00
8.0240000000e+00 4.0402689476e+02 1.6560836782e+00
8.0230000000e+00 4.0487628701e+02 1.6564719925e+00
8.0210000000e+00 4.0572602169e+02 1.6565043969e+00
8.0200000000e+00 4.0657609852e+02 1.6568886865e+00
8.0180000000e+00 4.0742651723e+02 1.6569173490e+00
8.0170000000e+00 4.0827727754e+02 1.6572976372e+00
8.0150000000e+00 4.0912837918e+02 1.6573225819e+00
8.0140000000e+00 4.0997982187e+02 1.6576988919e+00
8.0120000000e+00 4.1083160535e+02 1.6577201424e+00
8.0110000000e+00 4.1168372933e+02 1.6580924973e+00
8.0090000000e+00 4.1253619355e+02 1.6581100772e+00
8.0070000000e+00 4.1338899774e+02 1.6581258950e+00
8.0060000000e+00 4.1424214162e+02 1.6584924327e+00
8.0040000000e+00 4.1509562493e+02 1.6585046153e+00
8.0030000000e+00 4.1594944739e+02 1.6588672554e+00
8.0010000000e+00 4.1680360874e+02 1.6588758259e+00
8.0000000000e+00 4.1765810870e+02 1.6592345911e+00
7.9980000000e+00 4.1851294702e+02 1.6592395728e+00
7.9970000000e+00 4.1936812341e+02 1.6595944857e+00
7.9950000000e+00 4.2022363762e+02 1.6595959017e+00
7.9930000000e+00 4.2107948938e+02 1.6595956082e+00
7.9920000000e+00 4.2193567842e+02 1.6599448580e+00
7.9900000000e+00 4.2279220447e+02 1.6599410331e+00
7.9890000000e+00 4.2364906728e+02 1.6602864869e+00
7.9870000000e+00 4.2450626657e+02 1.6602791535e+00
7.9860000000e+00 4.2536380208e+02 1.6606208335e+00
7.9840000000e+00 4.2622167356e+02 1.6606100142e+00
7.9830000000e+00 4.2707988073e+02 1.6609479426e+00
7.9810000000e+00 4.2793842333e+02 1.6609336599e+00
7.9790000000e+00 4.2879730111e+02 1.6609177190e+00
7.9780000000e+00 4.2965651379e+02 1.6612501350e+00
7.9760000000e+00 4.3051606113e+02 1.6612307644e+00
7.9750000000e+00 4.3137594285e+02 1.6615594838e+00
7.9730000000e+00 4.3223615871e+02 1.6615367057e+00
7.9720000000e+00 4.3309670843e+02 1.6618617503e+00
7.9700000000e+00 4.3395759177e+02 1.6618355867e+00
7.9680000000e+00 4.3481880846e+02 1.6618078039e+00
7.9670000000e+00 4.3568035824e+02 1.6621274512e+00
7.9650000000e+00 4.3654224086e+02 1.6620963160e+00
7.9640000000e+00 4.3740445606e+02 1.6624123426e+00
7.9620000000e+00 4.3826700359e+02 1.6623778768e+00
7.9610000000e+00 4.3912988318e+02 1.6626903042e+00
7.9590000000e+00 4.3999309459e+02 1.6626525294e+00
7.9570000000e+00 4.4085663755e+02 1.6626131738e+00
7.9560000000e+00 4.4172051182e+02 1.6629203168e+00
7.9540000000e+00 4.4258471714e+02 1.6628776845e+00
7.9530000000e+00 4.4344925325e+02 1.6631812815e+00
7.9510000000e+00 4.4431411991e+02 1.6631353941e+00
7.9490000000e+00 4.4517931686e+02 1.6630879527e+00
7.9480000000e+00 4.4604484385e+02 1.6633863448e+00
7.9460000000e+00 4.4691070062e+02 1.6633356801e+00
7.9450000000e+00 4.4777688694e+02 1.6636305787e+00
7.9430000000e+00 4.4864340253e+02 1.6635767119e+00
7.9410000000e+00 4.4951024717e+02 1.6635213176e+00
7.9400000000e+00 4.5037742059e+02 1.6638110899e+00
7.9380000000e+00 4.5124492254e+02 1.6637525249e+00
7.9370000000e+00 4.5211275279e+02 1.6640388555e+00
7.9350000000e+00 4.5298091107e+02 1.6639771407e+00
7.9340000000e+00 4.5384939715e+02 1.6642600502e+00
7.9320000000e+00 4.5471821077e+02 1.6641952063e+00
7.9300000000e+00 4.5558735170e+02 1.6641288712e+00
7.9290000000e+00 4.5645681967e+02 1.6644067627e+00
7.9270000000e+00 4.5732661445e+02 1.6643373293e+00
7.9260000000e+00 4.5819673579e+02 1.6646118507e+00
7.9240000000e+00 4.5906718345e+02 1.6645393395e+00
7.9220000000e+00 4.5993795718e+02 1.6644653628e+00
7.9210000000e+00 4.6080905673e+02 1.6647349421e+00
7.9190000000e+00 4.6168048187e+02 1.6646579180e+00
7.9180000000e+00 4.6255223235e+02 1.6649241775e+00
7.9160000000e+00 4.6342430793e+02 1.6648441262e+00
7.9140000000e+00 4.6429670837e+02 1.6647626344e+00
7.9130000000e+00 4.6516943341e+02 1.6650240272e+00
7.9110000000e+00 4.6604248284e+02 1.6649395382e+00
7.9100000000e+00 4.6691585639e+02 1.6651976607e+00
7.9080000000e+00 4.6778955383e+02 1.6651101943e+00
7.9060000000e+00 4.6866357493e+02 1.6650213124e+00
7.9050000000e+00 4.6953791944e+02 1.6652746423e+00
7.9030000000e+00 4.7041258712e+02 1.6651828126e+00
7.9020000000e+00 4.7128757774e+02 1.6654329213e+00
7.9000000000e+00 4.7216289105e+02 1.6653381634e+00
7.8980000000e+00 4.7303852682e+02 1.6652420143e+00
7.8970000000e+00 4.7391448481e+02 1.6654874036e+00
7.8950000000e+00 4.7479076479e+02 1.6653883554e+00
7.8930000000e+00 4.7566736651e+02 1.6652879307e+00
7.8920000000e+00 4.7654428975e+02 1.6655286440e+00
7.8900000000e+00 4.7742153426e+02 1.6654253491e+00
7.8890000000e+00 4.7829909982e+02 1.6656629184e+00
7.8870000000e+00 4.7917698618e+02 1.6655567724e+00
7.8850000000e+00 4.8005519311e+02 1.6654492737e+00
7.8840000000e+00 4.8093372038e+02 1.6656822387e+00
7.8820000000e+00 4.8181256775e+02 1.6655719174e+00
7.8810000000e+00 4.8269173500e+02 1.6658017857e+00
7.8790000000e+00 4.8357122188e+02 1.6656886607e+00
7.8770000000e+00 4.8445102817e+02 1.6655742066e+00
7.8760000000e+00 4.8533115364e+02 1.6657995412e+00
7.8740000000e+00 4.8621159805e+02 1.6656823114e+00
7.8730000000e+00 4.8709236118e+02 1.6659045960e+00
7.8710000000e+00 4.8797344278e+02 1.6657846093e+00
7.8690000000e+00 4.8885484264e+02 1.6656633164e+00
7.8680000000e+00 4.8973656052e+02 1.6658811371e+00
7.8660000000e+00 4.9061859620e+02 1.6657571149e+00
7.8650000000e+00 4.9150094944e+02 1.6659719317e+00
7.8630000000e+00 4.9238362002e+02 1.6658451985e+00
7.8610000000e+00 4.9326660770e+02 1.6657171821e+00
7.8600000000e+00 4.9414991227e+02 1.6659276037e+00
7.8580000000e+00 4.9503353348e+02 1.6657969035e+00
7.8560000000e+00 4.9591747113e+02 1.6656649336e+00
7.8550000000e+00 4.9680172497e+02 1.6658710009e+00
7.8530000000e+00 4.9768629479e+02 1.6657363742e+00
7.8520000000e+00 4.9857118036e+02 1.6659395101e+00
7.8500000000e+00 4.9945638145e+02 1.6658022446e+00
7.8480000000e+00 5.0034189784e+02 1.6656637316e+00
7.8470000000e+00 5.0122772931e+02 1.6658625805e+00
7.8450000000e+00 5.0211387562e+02 1.6657214552e+00
7.8440000000e+00 5.0300033657e+02 1.6659174173e+00
7.8420000000e+00 5.0388711191e+02 1.6657736975e+00
7.8400000000e+00 5.0477420144e+02 1.6656287521e+00
7.8390000000e+00 5.0566160492e+02 1.6658204934e+00
7.8370000000e+00 5.0654932214e+02 1.6656729797e+00
7.8350000000e+00 5.0743735288e+02 1.6655242534e+00
7.8340000000e+00 5.0832569691e+02 1.6657118134e+00
7.8320000000e+00 5.0921435401e+02 1.6655605447e+00
7.8310000000e+00 5.1010332397e+02 1.6657452879e+00
7.8290000000e+00 5.1099260656e+02 1.6655914940e+00
7.8270000000e+00 5.1188220156e+02 1.6654365091e+00
7.8260000000e+00 5.1277210875e+02 1.6656171357e+00
7.8240000000e+00 5.1366232792e+02 1.6654596512e+00
7.8230000000e+00 5.1455285884e+02 1.6656375039e+00
7.8210000000e+00 5.1544370130e+02 1.6654775368e+00
7.8190000000e+00 5.1633485509e+02 1.6653163996e+00
7.8180000000e+00 5.1722631997e+02 1.6654901999e+00
7.8160000000e+00 5.1811809574e+02 1.6653266053e+00
7.8150000000e+00 5.1901018218e+02 1.6654976740e+00
7.8130000000e+00 5.1990257908e+02 1.6653316388e+00
7.8110000000e+00 5.2079528621e+02 1.6651644542e+00
7.8100000000e+00 5.2168830336e+02 1.6653315335e+00
7.8080000000e+00 5.2258163032e+02 1.6651619331e+00
7.8060000000e+00 5.2347526687e+02 1.6649911956e+00
7.8050000000e+00 5.2436921279e+02 1.6651543230e+00
7.8030000000e+00 5.2526346788e+02 1.6649811943e+00
7.8020000000e+00 5.2615803192e+02 1.6651416567e+00
7.8000000000e+00 5.2705290470e+02 1.6649661531e+00
7.7980000000e+00 5.2794808600e+02 1.6647895327e+00
7.7970000000e+00 5.2884357561e+02 1.6649461048e+00
7.7950000000e+00 5.2973937333e+02 1.6647671337e+00
7.7940000000e+00 5.3063547892e+02 1.6649210817e+00
7.7920000000e+00 5.3153189220e+02 1.6647397761e+00
7.7900000000e+00 5.3242861294e+02 1.6645573735e+00
7.7890000000e+00 5.3332564093e+02 1.6647074919e+00
7.7870000000e+00 5.3422297597e+02 1.6645227787e+00
7.7860000000e+00 5.3512061784e+02 1.6646703133e+00
7.7840000000e+00 5.3601856633e+02 1.6644833052e+00
7.7820000000e+00 5.3691682124e+02 1.6642952197e+00
7.7810000000e+00 5.3781538235e+02 1.6644389847e+00
7.7790000000e+00 5.3871424947e+02 1.6642486280e+00
7.7770000000e+00 5.3961342237e+02 1.6640572054e+00
7.7760000000e+00 5.4051290085e+02 1.6641972363e+00
7.7740000000e+00 5.4141268471e+02 1.6640035657e+00
7.7730000000e+00 5.4231277373e+02 1.6641410761e+00
7.7710000000e+00 5.4321316771e+02 1.6639451729e+00
7.7690000000e+00 5.4411386645e+02 1.6637482230e+00
7.7680000000e+00 5.4501486973e+02 1.6638820580e+00
7.7660000000e+00 5.4591617736e+02 1.6636828985e+00
7.7650000000e+00 5.4681778912e+02 1.6638142517e+00
7.7630000000e+00 5.4771970481e+02 1.6636128977e+00
7.7610000000e+00 5.4862192423e+02 1.6634105158e+00
7.7600000000e+00 5.4952444718e+02 1.6635382513e+00
7.7580000000e+00 5.5042727344e+02 1.6633336976e+00
7.7570000000e+00 5.5133040281e+02 1.6634589897e+00
7.7550000000e+00 5.5223383510e+02 1.6632522791e+00
7.7530000000e+00 5.5313757009e+02 1.6630445592e+00
7.7520000000e+00 5.5404160759e+02 1.6631662904e+00
7.7500000000e+00 5.5494594739e+02 1.6629564358e+00
7.7490000000e+00 5.5585058929e+02 1.6630757613e+00
