9.5360000000e+00 2.1862962300e+01 8.3150749964e-01
9.6020000000e+00 2.2392705479e+01 8.5083652091e-01
9.6660000000e+00 2.2923327903e+01 8.6995085857e-01
9.7280000000e+00 2.3454826668e+01 8.8883092465e-01
9.7880000000e+00 2.3987198892e+01 9.0745751313e-01
9.8470000000e+00 2.4520441720e+01 9.2606311035e-01
9.9040000000e+00 2.5054552317e+01 9.4438383187e-01
9.9590000000e+00 2.5589527874e+01 9.6240147719e-01
1.0013000000e+01 2.6125365602e+01 9.8035813392e-01
1.0066000000e+01 2.6662062735e+01 9.9824464281e-01
1.0117000000e+01 2.7199616530e+01 1.0157866258e+00
1.0167000000e+01 2.7738024265e+01 1.0332351266e+00
1.0216000000e+01 2.8277283241e+01 1.0505814085e+00
1.0263000000e+01 2.8817390777e+01 1.0675438253e+00
1.0309000000e+01 2.9358344216e+01 1.0843819352e+00
1.0354000000e+01 2.9900140921e+01 1.1010874815e+00
1.0398000000e+01 3.0442778276e+01 1.1176523319e+00
1.0441000000e+01 3.0986253682e+01 1.1340684827e+00
1.0483000000e+01 3.1530564564e+01 1.1503280630e+00
1.0523000000e+01 3.2075708365e+01 1.1661363130e+00
1.0563000000e+01 3.2621682547e+01 1.1820575088e+00
1.0601000000e+01 3.3168484591e+01 1.1975080972e+00
1.0639000000e+01 3.3716112000e+01 1.2130612850e+00
1.0676000000e+01 3.4264562292e+01 1.2284207437e+00
1.0712000000e+01 3.4813833006e+01 1.2435794626e+00
1.0747000000e+01 3.5363921697e+01 1.2585305831e+00
1.0781000000e+01 3.5914825941e+01 1.2732673997e+00
1.0814000000e+01 3.6466543329e+01 1.2877833623e+00
1.0847000000e+01 3.7019071473e+01 1.3023769978e+00
1.0878000000e+01 3.7572407999e+01 1.3164339888e+00
1.0909000000e+01 3.8126550553e+01 1.3305598021e+00
1.0939000000e+01 3.8681496796e+01 1.3444434602e+00
1.0969000000e+01 3.9237244408e+01 1.3583908920e+00
1.0998000000e+01 3.9793791083e+01 1.3720877938e+00
1.1026000000e+01 4.0351134534e+01 1.3855284550e+00
1.1053000000e+01 4.0909272490e+01 1.3987073268e+00
1.1080000000e+01 4.1468202695e+01 1.4119371894e+00
1.1106000000e+01 4.2027922909e+01 1.4248976130e+00
1.1131000000e+01 4.2588430908e+01 1.4375834000e+00
1.1156000000e+01 4.3149724484e+01 1.4503120743e+00
1.1180000000e+01 4.3711801444e+01 1.4627589639e+00
1.1204000000e+01 4.4274659612e+01 1.4752445658e+00
1.1227000000e+01 4.4838296823e+01 1.4874415051e+00
1.1250000000e+01 4.5402710931e+01 1.4996731406e+00
1.1272000000e+01 4.5967899803e+01 1.5116095080e+00
1.1294000000e+01 4.6533861320e+01 1.5235767170e+00
1.1315000000e+01 4.7100593378e+01 1.5352423257e+00
1.1335000000e+01 4.7668093889e+01 1.5466020634e+00
1.1355000000e+01 4.8236360776e+01 1.5579859866e+00
1.1375000000e+01 4.8805391978e+01 1.5693935467e+00
1.1394000000e+01 4.9375185446e+01 1.5804877033e+00
1.1412000000e+01 4.9945739148e+01 1.5912645644e+00
1.1431000000e+01 5.0517051063e+01 1.6023976503e+00
1.1448000000e+01 5.1089119182e+01 1.6128705419e+00
1.1466000000e+01 5.1661941513e+01 1.6236986770e+00
1.1483000000e+01 5.2235516074e+01 1.6342011584e+00
1.1499000000e+01 5.2809840898e+01 1.6443744991e+00
1.1515000000e+01 5.3384914030e+01 1.6545590221e+00
1.1531000000e+01 5.3960733526e+01 1.6647542976e+00
1.1546000000e+01 5.4537297457e+01 1.6746143516e+00
1.1561000000e+01 5.5114603907e+01 1.6844824733e+00
1.1576000000e+01 5.5692650969e+01 1.6943582631e+00
1.1590000000e+01 5.6271436750e+01 1.7038931446e+00
1.1604000000e+01 5.6850959371e+01 1.7134331904e+00
1.1618000000e+01 5.7431216961e+01 1.7229780322e+00
1.1631000000e+01 5.8012207664e+01 1.7321766673e+00
1.1644000000e+01 5.8593929634e+01 1.7413777737e+00
1.1656000000e+01 5.9176381037e+01 1.7502288540e+00
1.1669000000e+01 5.9759560052e+01 1.7594331318e+00
1.1681000000e+01 6.0343464866e+01 1.7682852351e+00
1.1692000000e+01 6.0928093679e+01 1.7767826826e+00
1.1704000000e+01 6.1513444704e+01 1.7856331362e+00
1.1715000000e+01 6.2099516162e+01 1.7941269581e+00
1.1726000000e+01 6.2686306287e+01 1.8026182099e+00
1.1736000000e+01 6.3273813322e+01 1.8107496174e+00
1.1746000000e+01 6.3862035522e+01 1.8188766474e+00
1.1756000000e+01 6.4450971152e+01 1.8269990561e+00
1.1766000000e+01 6.5040618488e+01 1.8351166003e+00
1.1776000000e+01 6.5630975816e+01 1.8432290372e+00
1.1785000000e+01 6.6222041432e+01 1.8509761501e+00
1.1794000000e+01 6.6813813643e+01 1.8587165525e+00
1.1803000000e+01 6.7406290766e+01 1.8664500321e+00
1.1811000000e+01 6.7999471127e+01 1.8738148031e+00
1.1819000000e+01 6.8593353062e+01 1.8811712057e+00
1.1827000000e+01 6.9187934919e+01 1.8885190569e+00
1.1835000000e+01 6.9783215052e+01 1.8958581745e+00
1.1843000000e+01 7.0379191828e+01 1.9031883770e+00
1.1850000000e+01 7.0975863621e+01 1.9101455112e+00
1.1858000000e+01 7.1573228817e+01 1.9174568856e+00
1.1864000000e+01 7.2171285809e+01 1.9240291142e+00
1.1871000000e+01 7.2770033001e+01 1.9309552777e+00
1.1878000000e+01 7.3369468805e+01 1.9378708141e+00
1.1884000000e+01 7.3969591642e+01 1.9444095111e+00
1.1890000000e+01 7.4570399944e+01 1.9509365060e+00
1.1896000000e+01 7.5171892148e+01 1.9574516746e+00
1.1902000000e+01 7.5774066705e+01 1.9639548936e+00
1.1908000000e+01 7.6376922070e+01 1.9704460409e+00
1.1913000000e+01 7.6980456711e+01 1.9765571361e+00
1.1919000000e+01 7.7584669100e+01 1.9830234372e+00
1.1924000000e+01 7.8189557721e+01 1.9891087996e+00
1.1929000000e+01 7.8795121065e+01 1.9951809865e+00
1.1934000000e+01 7.9401357633e+01 2.0012399030e+00
1.1938000000e+01 8.0008265932e+01 2.0069160565e+00
1.1943000000e+01 8.0615844478e+01 2.0129478656e+00
1.1947000000e+01 8.1224091797e+01 2.0185961849e+00
1.1951000000e+01 8.1833006420e+01 2.0242303430e+00
1.1955000000e+01 8.2442586888e+01 2.0298502710e+00
1.1959000000e+01 8.3052831751e+01 2.0354559006e+00
1.1963000000e+01 8.3663739563e+01 2.0410471644e+00
1.1967000000e+01 8.4275308890e+01 2.0466239961e+00
1.1970000000e+01 8.4887538303e+01 2.0518149595e+00
1.1973000000e+01 8.5500426383e+01 2.0569909423e+00
1.1977000000e+01 8.6113971716e+01 2.0625236682e+00
1.1980000000e+01 8.6728172898e+01 2.0676697466e+00
1.1983000000e+01 8.7343028530e+01 2.0728007071e+00
1.1985000000e+01 8.7958537223e+01 2.0775441891e+00
1.1988000000e+01 8.8574697593e+01 2.0826446172e+00
1.1991000000e+01 8.9191508265e+01 2.0877298098e+00
1.1993000000e+01 8.9808967871e+01 2.0924269260e+00
1.1996000000e+01 9.0427075050e+01 2.0974813760e+00
1.1998000000e+01 9.1045828447e+01 2.1021473905e+00
1.2000000000e+01 9.1665226716e+01 2.1067977509e+00
1.2002000000e+01 9.2285268516e+01 2.1114324378e+00
1.2004000000e+01 9.2905952514e+01 2.1160514327e+00
1.2005000000e+01 9.3527277385e+01 2.1202811558e+00
1.2007000000e+01 9.4149241808e+01 2.1248686063e+00
1.2009000000e+01 9.4771844472e+01 2.1294403188e+00
1.2010000000e+01 9.5395084070e+01 2.1336224200e+00
1.2012000000e+01 9.6018959304e+01 2.1381625181e+00
1.2013000000e+01 9.6643468880e+01 2.1423128135e+00
1.2014000000e+01 9.7268611513e+01 2.1464471651e+00
1.2015000000e+01 9.7894385923e+01 2.1505655750e+00
1.2016000000e+01 9.8520790837e+01 2.1546680461e+00
1.2017000000e+01 9.9147824987e+01 2.1587545814e+00
1.2018000000e+01 9.9775487115e+01 2.1628251849e+00
1.2018000000e+01 1.0040377597e+02 2.1665054937e+00
1.2019000000e+01 1.0103269029e+02 2.1705442050e+00
1.2020000000e+01 1.0166222885e+02 2.1745670037e+00
1.2020000000e+01 1.0229239041e+02 2.1781994256e+00
1.2020000000e+01 1.0292317373e+02 2.1818158996e+00
1.2021000000e+01 1.0355457760e+02 2.1857909514e+00
1.2021000000e+01 1.0418660080e+02 2.1893756022e+00
1.2021000000e+01 1.0481924211e+02 2.1929443632e+00
1.2021000000e+01 1.0545250034e+02 2.1964972560e+00
1.2021000000e+01 1.0608637427e+02 2.2000343025e+00
1.2021000000e+01 1.0672086273e+02 2.2035555251e+00
1.2021000000e+01 1.0735596451e+02 2.2070609466e+00
1.2020000000e+01 1.0799167844e+02 2.2101760938e+00
1.2020000000e+01 1.0862800334e+02 2.2136500006e+00
1.2020000000e+01 1.0926493804e+02 2.2171081809e+00
1.2019000000e+01 1.0990248137e+02 2.2201762340e+00
1.2019000000e+01 1.1054063218e+02 2.2236030638e+00
1.2018000000e+01 1.1117938931e+02 2.2266398887e+00
1.2018000000e+01 1.1181875160e+02 2.2300354836e+00
1.2017000000e+01 1.1245871793e+02 2.2330412120e+00
1.2016000000e+01 1.1309928714e+02 2.2360314671e+00
1.2015000000e+01 1.1374045811e+02 2.2390062863e+00
1.2014000000e+01 1.1438222971e+02 2.2419657070e+00
1.2013000000e+01 1.1502460082e+02 2.2449097669e+00
1.2012000000e+01 1.1566757032e+02 2.2478385040e+00
1.2011000000e+01 1.1631113709e+02 2.2507519564e+00
1.2010000000e+01 1.1695530004e+02 2.2536501625e+00
1.2009000000e+01 1.1760005806e+02 2.2565331610e+00
1.2008000000e+01 1.1824541005e+02 2.2594009906e+00
1.2006000000e+01 1.1889135492e+02 2.2618800735e+00
1.2005000000e+01 1.1953789159e+02 2.2647177658e+00
1.2004000000e+01 1.2018501898e+02 2.2675404100e+00
1.2002000000e+01 1.2083273600e+02 2.2699746912e+00
1.2001000000e+01 1.2148104159e+02 2.2727674508e+00
1.1999000000e+01 1.2212993468e+02 2.2751721211e+00
1.1997000000e+01 1.2277941421e+02 2.2775621057e+00
1.1996000000e+01 1.2342947912e+02 2.2803104120e+00
1.1994000000e+01 1.2408012836e+02 2.2826710655e+00
1.1992000000e+01 1.2473136087e+02 2.2850171776e+00
1.1991000000e+01 1.2538317563e+02 2.2877214304e+00
1.1989000000e+01 1.2603557159e+02 2.2900384930e+00
1.1987000000e+01 1.2668854771e+02 2.2923411595e+00
1.1985000000e+01 1.2734210297e+02 2.2946294793e+00
1.1983000000e+01 1.2799623634e+02 2.2969035021e+00
1.1981000000e+01 1.2865094680e+02 2.2991632772e+00
1.1979000000e+01 1.2930623334e+02 2.3014088544e+00
1.1977000000e+01 1.2996209494e+02 2.3036402831e+00
1.1975000000e+01 1.3061853061e+02 2.3058576132e+00
1.1972000000e+01 1.3127553933e+02 2.3076893857e+00
1.1970000000e+01 1.3193312011e+02 2.3098788048e+00
1.1968000000e+01 1.3259127195e+02 2.3120542769e+00
1.1966000000e+01 1.3324999387e+02 2.3142158518e+00
1.1963000000e+01 1.3390928488e+02 2.3159926339e+00
1.1961000000e+01 1.3456914400e+02 2.3181267103e+00
1.1959000000e+01 1.3522957025e+02 2.3202470414e+00
1.1956000000e+01 1.3589056267e+02 2.3219831775e+00
1.1954000000e+01 1.3655212028e+02 2.3240763206e+00
1.1951000000e+01 1.3721424211e+02 2.3257856786e+00
1.1949000000e+01 1.3787692722e+02 2.3278518422e+00
1.1946000000e+01 1.3854017464e+02 2.3295346386e+00
1.1943000000e+01 1.3920398341e+02 2.3312043155e+00
1.1941000000e+01 1.3986835261e+02 2.3332304818e+00
1.1938000000e+01 1.4053328127e+02 2.3348739231e+00
1.1936000000e+01 1.4119876846e+02 2.3368736321e+00
1.1933000000e+01 1.4186481324e+02 2.3384910533e+00
1.1930000000e+01 1.4253141469e+02 2.3400956299e+00
1.1927000000e+01 1.4319857186e+02 2.3416874175e+00
1.1924000000e+01 1.4386628385e+02 2.3432664715e+00
1.1922000000e+01 1.4453454973e+02 2.3452012101e+00
1.1919000000e+01 1.4520336858e+02 2.3467547860e+00
1.1916000000e+01 1.4587273948e+02 2.3482957921e+00
1.1913000000e+01 1.4654266154e+02 2.3498242834e+00
1.1910000000e+01 1.4721313384e+02 2.3513403150e+00
1.1907000000e+01 1.4788415548e+02 2.3528439416e+00
1.1904000000e+01 1.4855572557e+02 2.3543352179e+00
1.1901000000e+01 1.4922784321e+02 2.3558141985e+00
1.1898000000e+01 1.4990050751e+02 2.3572809379e+00
1.1895000000e+01 1.5057371758e+02 2.3587354905e+00
1.1892000000e+01 1.5124747254e+02 2.3601779106e+00
1.1889000000e+01 1.5192177151e+02 2.3616082524e+00
1.1886000000e+01 1.5259661361e+02 2.3630265699e+00
1.1882000000e+01 1.5327199797e+02 2.3640669719e+00
1.1879000000e+01 1.5394792373e+02 2.3654615990e+00
1.1876000000e+01 1.5462439000e+02 2.3668443647e+00
1.1873000000e+01 1.5530139594e+02 2.3682153225e+00
1.1870000000e+01 1.5597894069e+02 2.3695745260e+00
1.1866000000e+01 1.5665702338e+02 2.3705570751e+00
1.1863000000e+01 1.5733564317e+02 2.3718931328e+00
1.1860000000e+01 1.5801479920e+02 2.3732175970e+00
1.1856000000e+01 1.5869449063e+02 2.3741661762e+00
1.1853000000e+01 1.5937471663e+02 2.3754678192e+00
1.1850000000e+01 1.6005547634e+02 2.3767580284e+00
1.1846000000e+01 1.6073676894e+02 2.3776731313e+00
1.1843000000e+01 1.6141859359e+02 2.3789408411e+00
1.1840000000e+01 1.6210094947e+02 2.3801972755e+00
1.1836000000e+01 1.6278383574e+02 2.3810793915e+00
1.1833000000e+01 1.6346725159e+02 2.3823136457e+00
1.1829000000e+01 1.6415119619e+02 2.3831741099e+00
1.1826000000e+01 1.6483566873e+02 2.3843863956e+00
1.1822000000e+01 1.6552066840e+02 2.3852254235e+00
1.1819000000e+01 1.6620619438e+02 2.3864159516e+00
1.1815000000e+01 1.6689224588e+02 2.3872337572e+00
1.1812000000e+01 1.6757882207e+02 2.3884027369e+00
1.1808000000e+01 1.6826592218e+02 2.3891995329e+00
1.1805000000e+01 1.6895354538e+02 2.3903471724e+00
1.1801000000e+01 1.6964169090e+02 2.3911231701e+00
1.1797000000e+01 1.7033035795e+02 2.3918889560e+00
1.1794000000e+01 1.7101954572e+02 2.3930050852e+00
1.1790000000e+01 1.7170925344e+02 2.3937503878e+00
1.1786000000e+01 1.7239948032e+02 2.3944856365e+00
1.1783000000e+01 1.7309022558e+02 2.3955707188e+00
1.1779000000e+01 1.7378148845e+02 2.3962857958e+00
1.1775000000e+01 1.7447326816e+02 2.3969909751e+00
1.1772000000e+01 1.7516556392e+02 2.3980454693e+00
1.1768000000e+01 1.7585837498e+02 2.3987307852e+00
1.1764000000e+01 1.7655170056e+02 2.3994063579e+00
1.1761000000e+01 1.7724553991e+02 2.4004307179e+00
1.1757000000e+01 1.7793989227e+02 2.4010867320e+00
1.1753000000e+01 1.7863475687e+02 2.4017331555e+00
1.1749000000e+01 1.7933013297e+02 2.4023700391e+00
1.1746000000e+01 1.8002601981e+02 2.4033549971e+00
1.1742000000e+01 1.8072241665e+02 2.4039727238e+00
1.1738000000e+01 1.8141932273e+02 2.4045810609e+00
1.1734000000e+01 1.8211673732e+02 2.4051800583e+00
1.1730000000e+01 1.8281465968e+02 2.4057697657e+00
1.1727000000e+01 1.8351308906e+02 2.4067066395e+00
1.1723000000e+01 1.8421202473e+02 2.4072776838e+00
1.1719000000e+01 1.8491146597e+02 2.4078395854e+00
1.1715000000e+01 1.8561141203e+02 2.4083923932e+00
1.1711000000e+01 1.8631186220e+02 2.4089361559e+00
1.1707000000e+01 1.8701281574e+02 2.4094709220e+00
1.1703000000e+01 1.8771427194e+02 2.4099967398e+00
1.1700000000e+01 1.8841623008e+02 2.4108684240e+00
1.1696000000e+01 1.8911868943e+02 2.4113762541e+00
1.1692000000e+01 1.8982164929e+02 2.4118752791e+00
1.1688000000e+01 1.9052510895e+02 2.4123655463e+00
1.1684000000e+01 1.9122906769e+02 2.4128471031e+00
1.1680000000e+01 1.9193352481e+02 2.4133199965e+00
1.1676000000e+01 1.9263847960e+02 2.4137842735e+00
1.1672000000e+01 1.9334393137e+02 2.4142399806e+00
1.1668000000e+01 1.9404987941e+02 2.4146871643e+00
1.1664000000e+01 1.9475632302e+02 2.4151258709e+00
1.1660000000e+01 1.9546326152e+02 2.4155561465e+00
1.1656000000e+01 1.9617069421e+02 2.4159780369e+00
1.1652000000e+01 1.9687862039e+02 2.4163915878e+00
1.1648000000e+01 1.9758703939e+02 2.4167968446e+00
1.1644000000e+01 1.9829595052e+02 2.4171938525e+00
1.1640000000e+01 1.9900535310e+02 2.4175826567e+00
1.1636000000e+01 1.9971524644e+02 2.4179633019e+00
1.1632000000e+01 2.0042562988e+02 2.4183358328e+00
1.1628000000e+01 2.0113650272e+02 2.4187002940e+00
1.1624000000e+01 2.0184786431e+02 2.4190567295e+00
1.1620000000e+01 2.0255971396e+02 2.4194051835e+00
1.1616000000e+01 2.0327205102e+02 2.4197456998e+00
1.1612000000e+01 2.0398487481e+02 2.4200783221e+00
1.1608000000e+01 2.0469818468e+02 2.4204030939e+00
1.1604000000e+01 2.0541197995e+02 2.4207200583e+00
1.1600000000e+01 2.0612625998e+02 2.4210292585e+00
1.1596000000e+01 2.0684102410e+02 2.4213307373e+00
1.1592000000e+01 2.0755627166e+02 2.4216245373e+00
1.1588000000e+01 2.0827200200e+02 2.4219107011e+00
1.1584000000e+01 2.0898821448e+02 2.4221892709e+00
1.1580000000e+01 2.0970490845e+02 2.4224602889e+00
1.1576000000e+01 2.1042208326e+02 2.4227237967e+00
1.1572000000e+01 2.1113973827e+02 2.4229798363e+00
1.1568000000e+01 2.1185787283e+02 2.4232284490e+00
1.1564000000e+01 2.1257648631e+02 2.4234696761e+00
1.1560000000e+01 2.1329557807e+02 2.4237035588e+00
1.1556000000e+01 2.1401514747e+02 2.4239301380e+00
1.1551000000e+01 2.1473519388e+02 2.4238036130e+00
1.1547000000e+01 2.1545571667e+02 2.4240159528e+00
1.1543000000e+01 2.1617671521e+02 2.4242211108e+00
1.1539000000e+01 2.1689818888e+02 2.4244191270e+00
1.1535000000e+01 2.1762013704e+02 2.4246100415e+00
1.1531000000e+01 2.1834255908e+02 2.4247938941e+00
1.1527000000e+01 2.1906545437e+02 2.4249707242e+00
1.1523000000e+01 2.1978882229e+02 2.4251405712e+00
1.1519000000e+01 2.2051266224e+02 2.4253034744e+00
1.1515000000e+01 2.2123697358e+02 2.4254594727e+00
1.1510000000e+01 2.2196175572e+02 2.4252652120e+00
1.1506000000e+01 2.2268700804e+02 2.4254077634e+00
1.1502000000e+01 2.2341272993e+02 2.4255435259e+00
1.1498000000e+01 2.2413892079e+02 2.4256725377e+00
1.1494000000e+01 2.2486558000e+02 2.4257948369e+00
1.1490000000e+01 2.2559270697e+02 2.4259104612e+00
1.1486000000e+01 2.2632030110e+02 2.4260194485e+00
1.1482000000e+01 2.2704836178e+02 2.4261218362e+00
1.1478000000e+01 2.2777688842e+02 2.4262176617e+00
1.1473000000e+01 2.2850588042e+02 2.4259657759e+00
1.1469000000e+01 2.2923533720e+02 2.4260488349e+00
1.1465000000e+01 2.2996525815e+02 2.4261254426e+00
1.1461000000e+01 2.3069564269e+02 2.4261956354e+00
1.1457000000e+01 2.3142649024e+02 2.4262594498e+00
1.1453000000e+01 2.3215780020e+02 2.4263169220e+00
1.1449000000e+01 2.3288957199e+02 2.4263680880e+00
1.1445000000e+01 2.3362180503e+02 2.4264129838e+00
1.1440000000e+01 2.3435449874e+02 2.4261124186e+00
1.1436000000e+01 2.3508765254e+02 2.4261451274e+00
1.1432000000e+01 2.3582126586e+02 2.4261716724e+00
1.1428000000e+01 2.3655533811e+02 2.4261920887e+00
1.1424000000e+01 2.3728986873e+02 2.4262064113e+00
1.1420000000e+01 2.3802485714e+02 2.4262146750e+00
1.1416000000e+01 2.3876030278e+02 2.4262169145e+00
1.1412000000e+01 2.3949620507e+02 2.4262131641e+00
1.1407000000e+01 2.4023256346e+02 2.4258661884e+00
1.1403000000e+01 2.4096937737e+02 2.4258508072e+00
1.1399000000e+01 2.4170664625e+02 2.4258295384e+00
1.1395000000e+01 2.4244436953e+02 2.4258024157e+00
1.1391000000e+01 2.4318254665e+02 2.4257694728e+00
1.1387000000e+01 2.4392117706e+02 2.4257307430e+00
1.1383000000e+01 2.4466026020e+02 2.4256862596e+00
1.1379000000e+01 2.4539979552e+02 2.4256360556e+00
1.1374000000e+01 2.4613978246e+02 2.4252448445e+00
1.1370000000e+01 2.4688022048e+02 2.4251835432e+00
1.1366000000e+01 2.4762110902e+02 2.4251166194e+00
1.1362000000e+01 2.4836244754e+02 2.4250441056e+00
1.1358000000e+01 2.4910423550e+02 2.4249660338e+00
1.1354000000e+01 2.4984647234e+02 2.4248824362e+00
1.1350000000e+01 2.5058915753e+02 2.4247933447e+00
1.1346000000e+01 2.5133229052e+02 2.4246987911e+00
1.1341000000e+01 2.5207587078e+02 2.4242654295e+00
1.1337000000e+01 2.5281989777e+02 2.4241602901e+00
1.1333000000e+01 2.5356437095e+02 2.4240497826e+00
1.1329000000e+01 2.5430928979e+02 2.4239339380e+00
1.1325000000e+01 2.5505465376e+02 2.4238127873e+00
1.1321000000e+01 2.5580046232e+02 2.4236863612e+00
1.1317000000e+01 2.5654671495e+02 2.4235546903e+00
1.1313000000e+01 2.5729341112e+02 2.4234178050e+00
1.1308000000e+01 2.5804055030e+02 2.4229442898e+00
1.1304000000e+01 2.5878813197e+02 2.4227973092e+00
1.1300000000e+01 2.5953615560e+02 2.4226452043e+00
1.1296000000e+01 2.6028462067e+02 2.4224880051e+00
1.1292000000e+01 2.6103352666e+02 2.4223257410e+00
1.1288000000e+01 2.6178287306e+02 2.4221584417e+00
1.1284000000e+01 2.6253265935e+02 2.4219861364e+00
1.1280000000e+01 2.6328288500e+02 2.4218088543e+00
1.1276000000e+01 2.6403354952e+02 2.4216266245e+00
1.1272000000e+01 2.6478465237e+02 2.4214394758e+00
1.1267000000e+01 2.6553619306e+02 2.4209183921e+00
1.1263000000e+01 2.6628817108e+02 2.4207217322e+00
1.1259000000e+01 2.6704058591e+02 2.4205202389e+00
1.1255000000e+01 2.6779343705e+02 2.4203139405e+00
1.1251000000e+01 2.6854672399e+02 2.4201028650e+00
1.1247000000e+01 2.6930044624e+02 2.4198870404e+00
1.1243000000e+01 2.7005460328e+02 2.4196664946e+00
1.1239000000e+01 2.7080919462e+02 2.4194412551e+00
1.1235000000e+01 2.7156421975e+02 2.4192113495e+00
1.1231000000e+01 2.7231967819e+02 2.4189768052e+00
1.1227000000e+01 2.7307556943e+02 2.4187376494e+00
1.1223000000e+01 2.7383189298e+02 2.4184939092e+00
1.1218000000e+01 2.7458864835e+02 2.4179194212e+00
1.1214000000e+01 2.7534583503e+02 2.4176668306e+00
1.1210000000e+01 2.7610345255e+02 2.4174097356e+00
1.1206000000e+01 2.7686150041e+02 2.4171481628e+00
1.1202000000e+01 2.7761997813e+02 2.4168821386e+00
1.1198000000e+01 2.7837888521e+02 2.4166116891e+00
1.1194000000e+01 2.7913822118e+02 2.4163368404e+00
1.1190000000e+01 2.7989798554e+02 2.4160576185e+00
1.1186000000e+01 2.8065817782e+02 2.4157740492e+00
1.1182000000e+01 2.8141879754e+02 2.4154861581e+00
1.1178000000e+01 2.8217984421e+02 2.4151939708e+00
1.1174000000e+01 2.8294131735e+02 2.4148975126e+00
1.1170000000e+01 2.8370321650e+02 2.4145968087e+00
1.1166000000e+01 2.8446554117e+02 2.4142918843e+00
1.1162000000e+01 2.8522829088e+02 2.4139827643e+00
1.1158000000e+01 2.8599146518e+02 2.4136694736e+00
1.1154000000e+01 2.8675506357e+02 2.4133520369e+00
1.1150000000e+01 2.8751908560e+02 2.4130304788e+00
1.1146000000e+01 2.8828353080e+02 2.4127048236e+00
1.1142000000e+01 2.8904839868e+02 2.4123750956e+00
1.1138000000e+01 2.8981368880e+02 2.4120413191e+00
1.1134000000e+01 2.9057940068e+02 2.4117035181e+00
1.1130000000e+01 2.9134553387e+02 2.4113617165e+00
1.1126000000e+01 2.9211208788e+02 2.4110159380e+00
1.1122000000e+01 2.9287906228e+02 2.4106662063e+00
1.1118000000e+01 2.9364645659e+02 2.4103125449e+00
1.1114000000e+01 2.9441427035e+02 2.4099549772e+00
1.1110000000e+01 2.9518250311e+02 2.4095935265e+00
1.1106000000e+01 2.9595115442e+02 2.4092282158e+00
1.1102000000e+01 2.9672022381e+02 2.4088590683e+00
1.1098000000e+01 2.9748971083e+02 2.4084861067e+00
1.1094000000e+01 2.9825961503e+02 2.4081093538e+00
1.1090000000e+01 2.9902993596e+02 2.4077288323e+00
1.1086000000e+01 2.9980067317e+02 2.4073445646e+00
1.1082000000e+01 3.0057182621e+02 2.4069565732e+00
1.1078000000e+01 3.0134339462e+02 2.4065648802e+00
1.1074000000e+01 3.0211537797e+02 2.4061695079e+00
1.1070000000e+01 3.0288777581e+02 2.4057704782e+00
1.1066000000e+01 3.0366058769e+02 2.4053678130e+00
1.1062000000e+01 3.0443381317e+02 2.4049615342e+00
1.1058000000e+01 3.0520745181e+02 2.4045516632e+00
1.1054000000e+01 3.0598150316e+02 2.4041382218e+00
1.1050000000e+01 3.0675596680e+02 2.4037212312e+00
1.1046000000e+01 3.0753084227e+02 2.4033007128e+00
1.1042000000e+01 3.0830612915e+02 2.4028766877e+00
1.1038000000e+01 3.0908182699e+02 2.4024491771e+00
1.1034000000e+01 3.0985793536e+02 2.4020182018e+00
1.1030000000e+01 3.1063445383e+02 2.4015837826e+00
1.1026000000e+01 3.1141138196e+02 2.4011459404e+00
1.1022000000e+01 3.1218871933e+02 2.4007046956e+00
1.1018000000e+01 3.1296646550e+02 2.4002600688e+00
1.1015000000e+01 3.1374462004e+02 2.4001265215e+00
1.1011000000e+01 3.1452318253e+02 2.3996749698e+00
1.1007000000e+01 3.1530215253e+02 2.3992200970e+00
1.1003000000e+01 3.1608152963e+02 2.3987619234e+00
1.0999000000e+01 3.1686131339e+02 2.3983004688e+00
1.0995000000e+01 3.1764150340e+02 2.3978357530e+00
1.0991000000e+01 3.1842209922e+02 2.3973677957e+00
1.0987000000e+01 3.1920310045e+02 2.3968966165e+00
1.0983000000e+01 3.1998450665e+02 2.3964222349e+00
1.0979000000e+01 3.2076631742e+02 2.3959446702e+00
1.0976000000e+01 3.2154853232e+02 2.3957761604e+00
1.0972000000e+01 3.2233115095e+02 2.3952920690e+00
1.0968000000e+01 3.2311417289e+02 2.3948048524e+00
1.0964000000e+01 3.2389759772e+02 2.3943145294e+00
1.0960000000e+01 3.2468142503e+02 2.3938211190e+00
1.0956000000e+01 3.2546565440e+02 2.3933246399e+00
1.0952000000e+01 3.2625028543e+02 2.3928251107e+00
1.0948000000e+01 3.2703531771e+02 2.3923225498e+00
1.0945000000e+01 3.2782075081e+02 2.3921274380e+00
1.0941000000e+01 3.2860658434e+02 2.3916186537e+00
1.0937000000e+01 3.2939281789e+02 2.3911068932e+00
1.0933000000e+01 3.3017945105e+02 2.3905921745e+00
1.0929000000e+01 3.3096648341e+02 2.3900745156e+00
1.0925000000e+01 3.3175391458e+02 2.3895539344e+00
1.0922000000e+01 3.3254174414e+02 2.3893396037e+00
1.0918000000e+01 3.3332997169e+02 2.3888130182e+00
1.0914000000e+01 3.3411859684e+02 2.3882835639e+00
1.0910000000e+01 3.3490761918e+02 2.3877512582e+00
1.0906000000e+01 3.3569703831e+02 2.3872161187e+00
1.0902000000e+01 3.3648685384e+02 2.3866781626e+00
1.0899000000e+01 3.3727706536e+02 2.3864452683e+00
1.0895000000e+01 3.3806767249e+02 2.3859015197e+00
1.0891000000e+01 3.3885867482e+02 2.3853550063e+00
1.0887000000e+01 3.3965007196e+02 2.3848057449e+00
1.0883000000e+01 3.4044186351e+02 2.3842537524e+00
1.0880000000e+01 3.4123404910e+02 2.3840058352e+00
1.0876000000e+01 3.4202662831e+02 2.3834482216e+00
1.0872000000e+01 3.4281960076e+02 2.3828879272e+00
1.0868000000e+01 3.4361296607e+02 2.3823249685e+00
1.0865000000e+01 3.4440672384e+02 2.3820652967e+00
1.0861000000e+01 3.4520087369e+02 2.3814968507e+00
1.0857000000e+01 3.4599541523e+02 2.3809257895e+00
1.0853000000e+01 3.4679034807e+02 2.3803521292e+00
1.0849000000e+01 3.4758567183e+02 2.3797758858e+00
1.0846000000e+01 3.4838138613e+02 2.3795019556e+00
1.0842000000e+01 3.4917749057e+02 2.3789203879e+00
1.0838000000e+01 3.4997398479e+02 2.3783362850e+00
1.0834000000e+01 3.5077086839e+02 2.3777496623e+00
1.0831000000e+01 3.5156814100e+02 2.3774645749e+00
1.0827000000e+01 3.5236580225e+02 2.3768727554e+00
1.0823000000e+01 3.5316385174e+02 2.3762784629e+00
1.0820000000e+01 3.5396228911e+02 2.3759851201e+00
1.0816000000e+01 3.5476111397e+02 2.3753857246e+00
1.0812000000e+01 3.5556032595e+02 2.3747839022e+00
1.0808000000e+01 3.5635992469e+02 2.3741796678e+00
1.0805000000e+01 3.5715990979e+02 2.3738756132e+00
1.0801000000e+01 3.5796028089e+02 2.3732663982e+00
1.0797000000e+01 3.5876103763e+02 2.3726548163e+00
1.0794000000e+01 3.5956217962e+02 2.3723428346e+00
1.0790000000e+01 3.6036370650e+02 2.3717263624e+00
1.0786000000e+01 3.6116561789e+02 2.3711075673e+00
1.0782000000e+01 3.6196791343e+02 2.3704864638e+00
1.0779000000e+01 3.6277059276e+02 2.3701641991e+00
1.0775000000e+01 3.6357365550e+02 2.3695383231e+00
1.0771000000e+01 3.6437710129e+02 2.3689101819e+00
1.0768000000e+01 3.6518092977e+02 2.3685803063e+00
1.0764000000e+01 3.6598514056e+02 2.3679474794e+00
1.0760000000e+01 3.6678973331e+02 2.3673124297e+00
1.0757000000e+01 3.6759470766e+02 2.3669750752e+00
1.0753000000e+01 3.6840006324e+02 2.3663354252e+00
1.0749000000e+01 3.6920579970e+02 2.3656935942e+00
1.0746000000e+01 3.7001191666e+02 2.3653488906e+00
1.0742000000e+01 3.7081841378e+02 2.3647025432e+00
1.0739000000e+01 3.7162529070e+02 2.3643529391e+00
1.0735000000e+01 3.7243254706e+02 2.3637021309e+00
1.0731000000e+01 3.7324018250e+02 2.3630492097e+00
1.0728000000e+01 3.7404819666e+02 2.3626924687e+00
1.0724000000e+01 3.7485658920e+02 2.3620351682e+00
1.0720000000e+01 3.7566535976e+02 2.3613757948e+00
1.0717000000e+01 3.7647450798e+02 2.3610120411e+00
1.0713000000e+01 3.7728403352e+02 2.3603483686e+00
1.0710000000e+01 3.7809393602e+02 2.3599799367e+00
1.0706000000e+01 3.7890421513e+02 2.3593120183e+00
1.0702000000e+01 3.7971487050e+02 2.3586420920e+00
1.0699000000e+01 3.8052590178e+02 2.3582668505e+00
1.0695000000e+01 3.8133730863e+02 2.3575927562e+00
1.0692000000e+01 3.8214909069e+02 2.3572129707e+00
1.0688000000e+01 3.8296124763e+02 2.3565347601e+00
1.0684000000e+01 3.8377377909e+02 2.3558546048e+00
1.0681000000e+01 3.8458668473e+02 2.3554682073e+00
1.0677000000e+01 3.8539996421e+02 2.3547840116e+00
1.0674000000e+01 3.8621361718e+02 2.3543932006e+00
1.0670000000e+01 3.8702764330e+02 2.3537050146e+00
1.0667000000e+01 3.8784204222e+02 2.3533098415e+00
1.0663000000e+01 3.8865681362e+02 2.3526177147e+00
1.0660000000e+01 3.8947195714e+02 2.3522182303e+00
1.0656000000e+01 3.9028747245e+02 2.3515222119e+00
1.0652000000e+01 3.9110335920e+02 2.3508243584e+00
1.0649000000e+01 3.9191961707e+02 2.3504186048e+00
1.0645000000e+01 3.9273624571e+02 2.3497169318e+00
1.0642000000e+01 3.9355324479e+02 2.3493069912e+00
1.0638000000e+01 3.9437061397e+02 2.3486015463e+00
1.0635000000e+01 3.9518835291e+02 2.3481874677e+00
1.0631000000e+01 3.9600646129e+02 2.3474782981e+00
1.0628000000e+01 3.9682493877e+02 2.3470601299e+00
1.0624000000e+01 3.9764378502e+02 2.3463472821e+00
1.0621000000e+01 3.9846299970e+02 2.3459250722e+00
1.0617000000e+01 3.9928258248e+02 2.3452085924e+00
1.0614000000e+01 4.0010253304e+02 2.3447823882e+00
1.0610000000e+01 4.0092285104e+02 2.3440623219e+00
1.0607000000e+01 4.0174353615e+02 2.3436321701e+00
1.0603000000e+01 4.0256458805e+02 2.3429085625e+00
1.0600000000e+01 4.0338600642e+02 2.3424745096e+00
1.0596000000e+01 4.0420779091e+02 2.3417474051e+00
1.0593000000e+01 4.0502994121e+02 2.3413094968e+00
1.0589000000e+01 4.0585245699e+02 2.3405789397e+00
1.0586000000e+01 4.0667533793e+02 2.3401372214e+00
1.0583000000e+01 4.0749858371e+02 2.3396935150e+00
1.0579000000e+01 4.0832219399e+02 2.3389577717e+00
1.0576000000e+01 4.0914616846e+02 2.3385103228e+00
1.0572000000e+01 4.0997050679e+02 2.3377712351e+00
1.0569000000e+01 4.1079520868e+02 2.3373200878e+00
1.0565000000e+01 4.1162027378e+02 2.3365776982e+00
1.0562000000e+01 4.1244570179e+02 2.3361228961e+00
1.0558000000e+01 4.1327149239e+02 2.3353772465e+00
1.0555000000e+01 4.1409764526e+02 2.3349188328e+00
1.0552000000e+01 4.1492416007e+02 2.3344585311e+00
1.0548000000e+01 4.1575103653e+02 2.3337079820e+00
1.0545000000e+01 4.1657827430e+02 2.3332441329e+00
1.0541000000e+01 4.1740587307e+02 2.3324904268e+00
1.0538000000e+01 4.1823383253e+02 2.3320230724e+00
1.0535000000e+01 4.1906215236e+02 2.3315538835e+00
1.0531000000e+01 4.1989083226e+02 2.3307954313e+00
1.0528000000e+01 4.2071987190e+02 2.3303227996e+00
1.0524000000e+01 4.2154927098e+02 2.3295612907e+00
1.0521000000e+01 4.2237902919e+02 2.3290852571e+00
1.0518000000e+01 4.2320914621e+02 2.3286074412e+00
1.0514000000e+01 4.2403962173e+02 2.3278413354e+00
1.0511000000e+01 4.2487045545e+02 2.3273601784e+00
1.0507000000e+01 4.2570164706e+02 2.3265911132e+00
1.0504000000e+01 4.2653319624e+02 2.3261066549e+00
1.0501000000e+01 4.2736510270e+02 2.3256204651e+00
1.0497000000e+01 4.2819736612e+02 2.3248469481e+00
1.0494000000e+01 4.2902998620e+02 2.3243575162e+00
1.0491000000e+01 4.2986296264e+02 2.3238663829e+00
1.0487000000e+01 4.3069629512e+02 2.3230884993e+00
1.0484000000e+01 4.3152998335e+02 2.3225941820e+00
1.0481000000e+01 4.3236402702e+02 2.3220981927e+00
1.0477000000e+01 4.3319842582e+02 2.3213160265e+00
1.0474000000e+01 4.3403317947e+02 2.3208169106e+00
1.0471000000e+01 4.3486828765e+02 2.3203161515e+00
1.0467000000e+01 4.3570375007e+02 2.3195297852e+00
1.0464000000e+01 4.3653956642e+02 2.3190259560e+00
1.0461000000e+01 4.3737573640e+02 2.3185205122e+00
1.0457000000e+01 4.3821225972e+02 2.3177300267e+00
1.0454000000e+01 4.3904913608e+02 2.3172215682e+00
1.0451000000e+01 4.3988636518e+02 2.3167115231e+00
1.0448000000e+01 4.4072394673e+02 2.3161999008e+00
1.0444000000e+01 4.4156188042e+02 2.3154039931e+00
1.0441000000e+01 4.4240016596e+02 2.3148894289e+00
1.0438000000e+01 4.4323880306e+02 2.3143733150e+00
1.0434000000e+01 4.4407779141e+02 2.3135734727e+00
1.0431000000e+01 4.4491713074e+02 2.3130544702e+00
1.0428000000e+01 4.4575682074e+02 2.3125339450e+00
1.0425000000e+01 4.4659686113e+02 2.3120119061e+00
1.0421000000e+01 4.4743725160e+02 2.3112068834e+00
1.0418000000e+01 4.4827799187e+02 2.3106820261e+00
1.0415000000e+01 4.4911908165e+02 2.3101556814e+00
1.0412000000e+01 4.4996052065e+02 2.3096278584e+00
1.0408000000e+01 4.5080230857e+02 2.3088177897e+00
1.0405000000e+01 4.5164444514e+02 2.3082872168e+00
1.0402000000e+01 4.5248693005e+02 2.3077551913e+00
1.0399000000e+01 4.5332976303e+02 2.3072217219e+00
1.0395000000e+01 4.5417294378e+02 2.3064067385e+00
1.0392000000e+01 4.5501647202e+02 2.3058705863e+00
1.0389000000e+01 4.5586034746e+02 2.3053330155e+00
1.0386000000e+01 4.5670456982e+02 2.3047940346e+00
1.0382000000e+01 4.5754913881e+02 2.3039742649e+00
1.0379000000e+01 4.5839405415e+02 2.3034326668e+00
1.0376000000e+01 4.5923931555e+02 2.3028896834e+00
1.0373000000e+01 4.6008492273e+02 2.3023453230e+00
1.0370000000e+01 4.6093087542e+02 2.3017995939e+00
1.0366000000e+01 4.6177717331e+02 2.3009739791e+00
1.0363000000e+01 4.6262381615e+02 2.3004257129e+00
1.0360000000e+01 4.6347080364e+02 2.2998761022e+00
1.0357000000e+01 4.6431813550e+02 2.2993251549e+00
1.0354000000e+01 4.6516581145e+02 2.2987728790e+00
1.0350000000e+01 4.6601383123e+02 2.2979416108e+00
1.0347000000e+01 4.6686219453e+02 2.2973868760e+00
1.0344000000e+01 4.6771090110e+02 2.2968308362e+00
1.0341000000e+01 4.6855995065e+02 2.2962734992e+00
1.0338000000e+01 4.6940934290e+02 2.2957148729e+00
1.0335000000e+01 4.7025907758e+02 2.2951549650e+00
1.0332000000e+01 4.7110915441e+02 2.2945937833e+00
1.0328000000e+01 4.7195957312e+02 2.2937548525e+00
1.0325000000e+01 4.7281033343e+02 2.2931913179e+00
1.0322000000e+01 4.7366143507e+02 2.2926265320e+00
1.0319000000e+01 4.7451287776e+02 2.2920605025e+00
1.0316000000e+01 4.7536466124e+02 2.2914932369e+00
1.0313000000e+01 4.7621678522e+02 2.2909247427e+00
1.0310000000e+01 4.7706924944e+02 2.2903550274e+00
1.0306000000e+01 4.7792205363e+02 2.2895087872e+00
1.0303000000e+01 4.7877519751e+02 2.2889368210e+00
1.0300000000e+01 4.7962868082e+02 2.2883636555e+00
1.0297000000e+01 4.8048250328e+02 2.2877892978e+00
1.0294000000e+01 4.8133666463e+02 2.2872137553e+00
1.0291000000e+01 4.8219116460e+02 2.2866370353e+00
1.0288000000e+01 4.8304600291e+02 2.2860591447e+00
1.0285000000e+01 4.8390117930e+02 2.2854800909e+00
1.0282000000e+01 4.8475669351e+02 2.2848998809e+00
1.0278000000e+01 4.8561254527e+02 2.2840446993e+00
1.0275000000e+01 4.8646873431e+02 2.2834623643e+00
1.0272000000e+01 4.8732526036e+02 2.2828788939e+00
1.0269000000e+01 4.8818212317e+02 2.2822942950e+00
1.0266000000e+01 4.8903932246e+02 2.2817085746e+00
1.0263000000e+01 4.8989685798e+02 2.2811217395e+00
1.0260000000e+01 4.9075472945e+02 2.2805337965e+00
1.0257000000e+01 4.9161293662e+02 2.2799447525e+00
1.0254000000e+01 4.9247147922e+02 2.2793546142e+00
1.0251000000e+01 4.9333035700e+02 2.2787633884e+00
1.0248000000e+01 4.9418956968e+02 2.2781710818e+00
1.0245000000e+01 4.9504911702e+02 2.2775777010e+00
1.0242000000e+01 4.9590899875e+02 2.2769832527e+00
1.0239000000e+01 4.9676921460e+02 2.2763877435e+00
1.0236000000e+01 4.9762976432e+02 2.2757911798e+00
1.0233000000e+01 4.9849064766e+02 2.2751935683e+00
1.0230000000e+01 4.9935186435e+02 2.2745949154e+00
1.0227000000e+01 5.0021341413e+02 2.2739952276e+00
1.0224000000e+01 5.0107529675e+02 2.2733945113e+00
1.0221000000e+01 5.0193751195e+02 2.2727927728e+00
1.0218000000e+01 5.0280005948e+02 2.2721900186e+00
1.0215000000e+01 5.0366293907e+02 2.2715862550e+00
1.0212000000e+01 5.0452615048e+02 2.2709814881e+00
1.0209000000e+01 5.0538969344e+02 2.2703757244e+00
1.0206000000e+01 5.0625356771e+02 2.2697689699e+00
1.0203000000e+01 5.0711777303e+02 2.2691612309e+00
1.0200000000e+01 5.0798230914e+02 2.2685525135e+00
1.0197000000e+01 5.0884717580e+02 2.2679428239e+00
1.0194000000e+01 5.0971237275e+02 2.2673321681e+00
1.0191000000e+01 5.1057789974e+02 2.2667205522e+00
1.0188000000e+01 5.1144375652e+02 2.2661079822e+00
1.0185000000e+01 5.1230994283e+02 2.2654944640e+00
1.0182000000e+01 5.1317645842e+02 2.2648800037e+00
1.0179000000e+01 5.1404330306e+02 2.2642646072e+00
1.0176000000e+01 5.1491047648e+02 2.2636482803e+00
1.0173000000e+01 5.1577797844e+02 2.2630310289e+00
1.0170000000e+01 5.1664580868e+02 2.2624128588e+00
1.0167000000e+01 5.1751396697e+02 2.2617937760e+00
1.0164000000e+01 5.1838245304e+02 2.2611737860e+00
1.0161000000e+01 5.1925126667e+02 2.2605528946e+00
1.0158000000e+01 5.2012040759e+02 2.2599311076e+00
1.0155000000e+01 5.2098987556e+02 2.2593084307e+00
1.0152000000e+01 5.2185967034e+02 2.2586848694e+00
1.0149000000e+01 5.2272979168e+02 2.2580604294e+00
1.0146000000e+01 5.2360023934e+02 2.2574351162e+00
1.0143000000e+01 5.2447101307e+02 2.2568089355e+00
1.0141000000e+01 5.2534211262e+02 2.2564484134e+00
1.0138000000e+01 5.2621353776e+02 2.2558203630e+00
1.0135000000e+01 5.2708528824e+02 2.2551914618e+00
1.0132000000e+01 5.2795736382e+02 2.2545617153e+00
1.0129000000e+01 5.2882976426e+02 2.2539311288e+00
1.0126000000e+01 5.2970248931e+02 2.2532997078e+00
1.0123000000e+01 5.3057553873e+02 2.2526674576e+00
1.0120000000e+01 5.3144891228e+02 2.2520343835e+00
1.0117000000e+01 5.3232260973e+02 2.2514004909e+00
1.0114000000e+01 5.3319663082e+02 2.2507657849e+00
1.0112000000e+01 5.3407097533e+02 2.2503952717e+00
1.0109000000e+01 5.3494564301e+02 2.2497588068e+00
1.0106000000e+01 5.3582063363e+02 2.2491215445e+00
1.0103000000e+01 5.3669594694e+02 2.2484834900e+00
1.0100000000e+01 5.3757158271e+02 2.2478446484e+00
1.0097000000e+01 5.3844754071e+02 2.2472050248e+00
1.0094000000e+01 5.3932382068e+02 2.2465646242e+00
1.0091000000e+01 5.4020042241e+02 2.2459234517e+00
1.0089000000e+01 5.4107734564e+02 2.2455453154e+00
1.0086000000e+01 5.4195459015e+02 2.2449024687e+00
1.0083000000e+01 5.4283215571e+02 2.2442588653e+00
1.0080000000e+01 5.4371004207e+02 2.2436145103e+00
1.0077000000e+01 5.4458824900e+02 2.2429694085e+00
1.0074000000e+01 5.4546677627e+02 2.2423235649e+00
1.0072000000e+01 5.4634562364e+02 2.2419398959e+00
1.0069000000e+01 5.4722479089e+02 2.2412924393e+00
1.0066000000e+01 5.4810427777e+02 2.2406442557e+00
1.0063000000e+01 5.4898408407e+02 2.2399953497e+00
1.0060000000e+01 5.4986420953e+02 2.2393457262e+00
1.0057000000e+01 5.5074465395e+02 2.2386953898e+00
1.0055000000e+01 5.5162541707e+02 2.2383063768e+00
1.0052000000e+01 5.5250649868e+02 2.2376544870e+00
1.0049000000e+01 5.5338789853e+02 2.2370018987e+00
1.0046000000e+01 5.5426961642e+02 2.2363486166e+00
1.0043000000e+01 5.5515165209e+02 2.2356946452e+00
1.0041000000e+01 5.5603400533e+02 2.2353012915e+00
1.0038000000e+01 5.5691667591e+02 2.2346458149e+00
1.0035000000e+01 5.5779966359e+02 2.2339896630e+00
1.0032000000e+01 5.5868296816e+02 2.2333328403e+00
1.0030000000e+01 5.5956658938e+02 2.2329360712e+00
1.0027000000e+01 5.6045052702e+02 2.2322777811e+00
1.0024000000e+01 5.6133478087e+02 2.2316188339e+00
1.0021000000e+01 5.6221935069e+02 2.2309592340e+00
1.0018000000e+01 5.6310423625e+02 2.2302989857e+00
1.0016000000e+01 5.6398943735e+02 2.2298980977e+00
1.0013000000e+01 5.6487495374e+02 2.2292364281e+00
1.0010000000e+01 5.6576078520e+02 2.2285741234e+00
1.0007000000e+01 5.6664693152e+02 2.2279111880e+00
1.0005000000e+01 5.6753339246e+02 2.2275070586e+00
1.0002000000e+01 5.6842016780e+02 2.2268427380e+00
9.9990000000e+00 5.6930725733e+02 2.2261777995e+00
9.9960000000e+00 5.7019466081e+02 2.2255122476e+00
9.9940000000e+00 5.7108237804e+02 2.2251049518e+00
9.9910000000e+00 5.7197040877e+02 2.2244380499e+00
9.9880000000e+00 5.7285875280e+02 2.2237705473e+00
9.9860000000e+00 5.7374740991e+02 2.2233608855e+00
9.9830000000e+00 5.7463637986e+02 2.2226920591e+00
9.9800000000e+00 5.7552566245e+02 2.2220226445e+00
9.9770000000e+00 5.7641525745e+02 2.2213526457e+00
9.9750000000e+00 5.7730516464e+02 2.2209399453e+00
9.9720000000e+00 5.7819538381e+02 2.2202686568e+00
9.9690000000e+00 5.7908591473e+02 2.2195967964e+00
9.9670000000e+00 5.7997675720e+02 2.2191818247e+00
9.9640000000e+00 5.8086791098e+02 2.2185086998e+00
9.9610000000e+00 5.8175937586e+02 2.2178350151e+00
9.9580000000e+00 5.8265115163e+02 2.2171607745e+00
9.9560000000e+00 5.8354323807e+02 2.2167428875e+00
9.9530000000e+00 5.8443563497e+02 2.2160674153e+00
9.9500000000e+00 5.8532834210e+02 2.2153913990e+00
9.9480000000e+00 5.8622135925e+02 2.2149713321e+00
9.9450000000e+00 5.8711468621e+02 2.2142941085e+00
9.9420000000e+00 5.8800832276e+02 2.2136163525e+00
9.9400000000e+00 5.8890226869e+02 2.2131941440e+00
9.9370000000e+00 5.8979652378e+02 2.2125152047e+00
9.9340000000e+00 5.9069108782e+02 2.2118357443e+00
9.9320000000e+00 5.9158596059e+02 2.2114114320e+00
9.9290000000e+00 5.9248114189e+02 2.2107308119e+00
9.9260000000e+00 5.9337663151e+02 2.2100496820e+00
9.9240000000e+00 5.9427242922e+02 2.2096233031e+00
9.9210000000e+00 5.9516853482e+02 2.2089410367e+00
9.9180000000e+00 5.9606494809e+02 2.2082582716e+00
9.9160000000e+00 5.9696166883e+02 2.2078298627e+00
9.9130000000e+00 5.9785869682e+02 2.2071459839e+00
9.9110000000e+00 5.9875603186e+02 2.2067161919e+00
9.9080000000e+00 5.9965367373e+02 2.2060312146e+00
9.9050000000e+00 6.0055162222e+02 2.2053457569e+00
9.9030000000e+00 6.0144987713e+02 2.2049139949e+00
9.9000000000e+00 6.0234843825e+02 2.2042274610e+00
9.8970000000e+00 6.0324730536e+02 2.2035404573e+00
9.8950000000e+00 6.0414647826e+02 2.2031067605e+00
9.8920000000e+00 6.0504595674e+02 2.2024187024e+00
9.8900000000e+00 6.0594574060e+02 2.2019836860e+00
9.8870000000e+00 6.0684582962e+02 2.2012945882e+00
9.8840000000e+00 6.0774622361e+02 2.2006050380e+00
9.8820000000e+00 6.0864692234e+02 2.2001681446e+00
9.8790000000e+00 6.0954792563e+02 2.1994775760e+00
9.8770000000e+00 6.1044923325e+02 2.1990394013e+00
9.8740000000e+00 6.1135084501e+02 2.1983478286e+00
9.8710000000e+00 6.1225276071e+02 2.1976558205e+00
9.8690000000e+00 6.1315498013e+02 2.1972158250e+00
9.8660000000e+00 6.1405750307e+02 2.1965228335e+00
9.8640000000e+00 6.1496032933e+02 2.1960815944e+00
9.8610000000e+00 6.1586345870e+02 2.1953876334e+00
9.8590000000e+00 6.1676689099e+02 2.1949451654e+00
9.8560000000e+00 6.1767062598e+02 2.1942502485e+00
9.8530000000e+00 6.1857466348e+02 2.1935549194e+00
9.8510000000e+00 6.1947900328e+02 2.1931107072e+00
9.8480000000e+00 6.2038364518e+02 2.1924144423e+00
