0.0000000000e+00 -5.7637964201e+00 0.0000000000e+00
0.0000000000e+00 -5.3010231272e+00 0.0000000000e+00
0.0000000000e+00 -4.8374817434e+00 0.0000000000e+00
0.0000000000e+00 -4.3731748057e+00 0.0000000000e+00
0.0000000000e+00 -3.9081048304e+00 0.0000000000e+00
0.0000000000e+00 -3.4422743131e+00 0.0000000000e+00
0.0000000000e+00 -2.9756857292e+00 0.0000000000e+00
0.0000000000e+00 -2.5083415339e+00 0.0000000000e+00
0.0000000000e+00 -2.0402441627e+00 0.0000000000e+00
0.0000000000e+00 -1.5713960317e+00 0.0000000000e+00
0.0000000000e+00 -1.1017995376e+00 0.0000000000e+00
0.0000000000e+00 -6.3145705791e-01 0.0000000000e+00
0.0000000000e+00 -1.6037095159e-01 0.0000000000e+00
1.1140000000e+00 3.1145644105e-01 1.5634420156e-03
1.7580000000e+00 7.8402279806e-01 6.1529833756e-03
2.2150000000e+00 1.2573258155e+00 1.2327934670e-02
2.5870000000e+00 1.7313632075e+00 1.9675674299e-02
2.9060000000e+00 2.2061327056e+00 2.7939185558e-02
3.1890000000e+00 2.6816320588e+00 3.6989756910e-02
3.4440000000e+00 3.1578590336e+00 4.6677151072e-02
3.6780000000e+00 3.6348114132e+00 5.6956848430e-02
3.8940000000e+00 4.1124869977e+00 6.7716895712e-02
4.0950000000e+00 4.5908836039e+00 7.8898886013e-02
4.2840000000e+00 5.0699990649e+00 9.0501064157e-02
4.4620000000e+00 5.5498312300e+00 1.0244474744e-01
4.6300000000e+00 6.0303779646e+00 1.1466771827e-01
4.7890000000e+00 6.5116371498e+00 1.2712531063e-01
4.9410000000e+00 6.9936066825e+00 1.3987360031e-01
5.0860000000e+00 7.4762844750e+00 1.5283158042e-01
5.2240000000e+00 7.9596684547e+00 1.6591676946e-01
5.3560000000e+00 8.4437565643e+00 1.7914301781e-01
5.4840000000e+00 8.9285467614e+00 1.9264431554e-01
5.6060000000e+00 9.4140370182e+00 2.0616558255e-01
5.7240000000e+00 9.9002253216e+00 2.1985823141e-01
5.8370000000e+00 1.0387109673e+01 2.3356350238e-01
5.9470000000e+00 1.0874688088e+01 2.4746385925e-01
6.0520000000e+00 1.1362958596e+01 2.6128045031e-01
6.1540000000e+00 1.1851919240e+01 2.7521302101e-01
6.2530000000e+00 1.2341568078e+01 2.8923037463e-01
6.3490000000e+00 1.2831903182e+01 3.0330117033e-01
6.4420000000e+00 1.3322922634e+01 3.1739401955e-01
6.5320000000e+00 1.3814624533e+01 3.3147757793e-01
6.6190000000e+00 1.4307006990e+01 3.4552063275e-01
6.7040000000e+00 1.4800068129e+01 3.5964427307e-01
6.7860000000e+00 1.5293806086e+01 3.7367315776e-01
6.8660000000e+00 1.5788219011e+01 3.8773620938e-01
6.9440000000e+00 1.6283305067e+01 4.0181405650e-01
7.0190000000e+00 1.6779062426e+01 4.1572060398e-01
7.0930000000e+00 1.7275489277e+01 4.2976658084e-01
7.1650000000e+00 1.7772583819e+01 4.4376966058e-01
7.2350000000e+00 1.8270344262e+01 4.5771082561e-01
7.3030000000e+00 1.8768768830e+01 4.7157122506e-01
7.3690000000e+00 1.9267855758e+01 4.8533220331e-01
7.4340000000e+00 1.9767603292e+01 4.9916234192e-01
7.4970000000e+00 2.0268009690e+01 5.1286276858e-01
7.5590000000e+00 2.0769073222e+01 5.2660871179e-01
7.6190000000e+00 2.1270792168e+01 5.4019510444e-01
7.6770000000e+00 2.1773164822e+01 5.5360419901e-01
7.7350000000e+00 2.2276189485e+01 5.6722346227e-01
7.7910000000e+00 2.2779864472e+01 5.8064253120e-01
7.8450000000e+00 2.3284188108e+01 5.9384423062e-01
7.8990000000e+00 2.3789158729e+01 6.0723400298e-01
7.9510000000e+00 2.4294774681e+01 6.2038418955e-01
8.0020000000e+00 2.4801034321e+01 6.3349499157e-01
8.0520000000e+00 2.5307936017e+01 6.4655835330e-01
8.1010000000e+00 2.5815478145e+01 6.5956628259e-01
8.1490000000e+00 2.6323659094e+01 6.7251085679e-01
8.1960000000e+00 2.6832477262e+01 6.8538422833e-01
8.2420000000e+00 2.7341931056e+01 6.9817863011e-01
8.2860000000e+00 2.7852018895e+01 7.1065399332e-01
8.3300000000e+00 2.8362739206e+01 7.2326502946e-01
8.3730000000e+00 2.8874090426e+01 7.3577436988e-01
8.4150000000e+00 2.9386071003e+01 7.4817461859e-01
8.4560000000e+00 2.9898679392e+01 7.6045848316e-01
8.4970000000e+00 3.0411914061e+01 7.7286309816e-01
8.5360000000e+00 3.0925773484e+01 7.8489500701e-01
8.5750000000e+00 3.1440256145e+01 7.9703809885e-01
8.6130000000e+00 3.1955360539e+01 8.0904107952e-01
8.6500000000e+00 3.2471085168e+01 8.2089709423e-01
8.6860000000e+00 3.2987428544e+01 8.3259941099e-01
8.7220000000e+00 3.3504389187e+01 8.4439886083e-01
8.7570000000e+00 3.4021965627e+01 8.5603562707e-01
8.7910000000e+00 3.4540156402e+01 8.6750322526e-01
8.8250000000e+00 3.5058960060e+01 8.7905885589e-01
8.8580000000e+00 3.5578375154e+01 8.9043665554e-01
8.8900000000e+00 3.6098400249e+01 9.0163040411e-01
8.9220000000e+00 3.6619033918e+01 9.1290339871e-01
8.9530000000e+00 3.7140274741e+01 9.2398402983e-01
8.9840000000e+00 3.7662121306e+01 9.3513948548e-01
9.0140000000e+00 3.8184572212e+01 9.4609444699e-01
9.0430000000e+00 3.8707626062e+01 9.5684311834e-01
9.0720000000e+00 3.9231281470e+01 9.6765835708e-01
9.1000000000e+00 3.9755537057e+01 9.7825956125e-01
9.1280000000e+00 4.0280391452e+01 9.8892319012e-01
9.1550000000e+00 4.0805843292e+01 9.9936524127e-01
9.1820000000e+00 4.1331891221e+01 1.0098656743e+00
9.2080000000e+00 4.1858533891e+01 1.0201371938e+00
9.2340000000e+00 4.2385769963e+01 1.0304631575e+00
9.2590000000e+00 4.2913598102e+01 1.0405530842e+00
9.2840000000e+00 4.3442016985e+01 1.0506936275e+00
9.3080000000e+00 4.3971025293e+01 1.0605912272e+00
9.3320000000e+00 4.4500621715e+01 1.0705357295e+00
9.3560000000e+00 4.5030804949e+01 1.0805268183e+00
9.3790000000e+00 4.5561573698e+01 1.0902664567e+00
9.4010000000e+00 4.6092926673e+01 1.0997499581e+00
9.4240000000e+00 4.6624862593e+01 1.1095738175e+00
9.4450000000e+00 4.7157380182e+01 1.1188361311e+00
9.4670000000e+00 4.7690478172e+01 1.1284381977e+00
9.4880000000e+00 4.8224155303e+01 1.1377744964e+00
9.5080000000e+00 4.8758410320e+01 1.1468406885e+00
9.5290000000e+00 4.9293241975e+01 1.1562470991e+00
9.5490000000e+00 4.9828649029e+01 1.1653801843e+00
9.5680000000e+00 5.0364630246e+01 1.1742357897e+00
9.5870000000e+00 5.0901184399e+01 1.1831209586e+00
9.6060000000e+00 5.1438310268e+01 1.1920354176e+00
9.6250000000e+00 5.1976006638e+01 1.2009788900e+00
9.6430000000e+00 5.2514272301e+01 1.2096363763e+00
9.6610000000e+00 5.3053106055e+01 1.2183199296e+00
9.6790000000e+00 5.3592506704e+01 1.2270292846e+00
9.6960000000e+00 5.4132473061e+01 1.2354459931e+00
9.7130000000e+00 5.4673003941e+01 1.2438856967e+00
9.7290000000e+00 5.5214098168e+01 1.2520277754e+00
9.7460000000e+00 5.5755754572e+01 1.2605116078e+00
9.7620000000e+00 5.6297971988e+01 1.2686951500e+00
9.7780000000e+00 5.6840749257e+01 1.2768985307e+00
9.7930000000e+00 5.7384085227e+01 1.2847969212e+00
9.8080000000e+00 5.7927978751e+01 1.2927126266e+00
9.8230000000e+00 5.8472428689e+01 1.3006454233e+00
9.8380000000e+00 5.9017433906e+01 1.3085950859e+00
9.8530000000e+00 5.9562993272e+01 1.3165613871e+00
9.8670000000e+00 6.0109105663e+01 1.3242146007e+00
9.8810000000e+00 6.0655769963e+01 1.3318820924e+00
9.8940000000e+00 6.1202985059e+01 1.3392323268e+00
9.9080000000e+00 6.1750749844e+01 1.3469268203e+00
9.9210000000e+00 6.2299063217e+01 1.3543018377e+00
9.9340000000e+00 6.2847924083e+01 1.3616885091e+00
9.9470000000e+00 6.3397331352e+01 1.3690866391e+00
9.9590000000e+00 6.3947283939e+01 1.3761603411e+00
9.9720000000e+00 6.4497780764e+01 1.3835799451e+00
9.9840000000e+00 6.5048820755e+01 1.3906730657e+00
9.9960000000e+00 6.5600402841e+01 1.3977752138e+00
1.0007000000e+01 6.6152525960e+01 1.4045472775e+00
1.0019000000e+01 6.6705189053e+01 1.4116661465e+00
1.0030000000e+01 6.7258391067e+01 1.4184530261e+00
1.0041000000e+01 6.7812130955e+01 1.4252466862e+00
1.0052000000e+01 6.8366407673e+01 1.4320469637e+00
1.0063000000e+01 6.8921220183e+01 1.4388536952e+00
1.0073000000e+01 6.9476567453e+01 1.4453233071e+00
1.0083000000e+01 7.0032448455e+01 1.4517976279e+00
1.0094000000e+01 7.0588862165e+01 1.4586213014e+00
1.0104000000e+01 7.1145807567e+01 1.4651052828e+00
1.0113000000e+01 7.1703283645e+01 1.4712473835e+00
1.0123000000e+01 7.2261289393e+01 1.4777390782e+00
1.0132000000e+01 7.2819823806e+01 1.4838873038e+00
1.0141000000e+01 7.3378885886e+01 1.4900380763e+00
1.0151000000e+01 7.3938474638e+01 1.4965399591e+00
1.0159000000e+01 7.4498589072e+01 1.5023467452e+00
1.0168000000e+01 7.5059228205e+01 1.5085043827e+00
1.0177000000e+01 7.5620391055e+01 1.5146640495e+00
1.0185000000e+01 7.6182076647e+01 1.5204745296e+00
1.0193000000e+01 7.6744284010e+01 1.5262856263e+00
1.0202000000e+01 7.7307012177e+01 1.5324494332e+00
1.0210000000e+01 7.7870260186e+01 1.5382619777e+00
1.0217000000e+01 7.8434027078e+01 1.5437214942e+00
1.0225000000e+01 7.8998311901e+01 1.5495339352e+00
1.0233000000e+01 7.9563113706e+01 1.5553464316e+00
1.0240000000e+01 8.0128431548e+01 1.5608039943e+00
1.0247000000e+01 8.0694264486e+01 1.5662603698e+00
1.0254000000e+01 8.1260611584e+01 1.5717154627e+00
1.0261000000e+01 8.1827471911e+01 1.5771691778e+00
1.0268000000e+01 8.2394844539e+01 1.5826214199e+00
1.0275000000e+01 8.2962728544e+01 1.5880720940e+00
1.0281000000e+01 8.3531123007e+01 1.5931633605e+00
1.0288000000e+01 8.4100027013e+01 1.5986101507e+00
1.0294000000e+01 8.4669439651e+01 1.6036964533e+00
1.0300000000e+01 8.5239360013e+01 1.6087799343e+00
1.0307000000e+01 8.5809787197e+01 1.6142200062e+00
1.0312000000e+01 8.6380720303e+01 1.6189381180e+00
1.0318000000e+01 8.6952158437e+01 1.6240126641e+00
1.0324000000e+01 8.7524100708e+01 1.6290840758e+00
1.0330000000e+01 8.8096546227e+01 1.6341522753e+00
1.0335000000e+01 8.8669494113e+01 1.6388556821e+00
1.0341000000e+01 8.9242943485e+01 1.6439168327e+00
1.0346000000e+01 8.9816893469e+01 1.6486122856e+00
1.0351000000e+01 9.0391343191e+01 1.6533034817e+00
1.0356000000e+01 9.0966291785e+01 1.6579903590e+00
1.0361000000e+01 9.1541738385e+01 1.6626728558e+00
1.0366000000e+01 9.2117682132e+01 1.6673509106e+00
1.0371000000e+01 9.2694122169e+01 1.6720244622e+00
1.0375000000e+01 9.3271057643e+01 1.6763291318e+00
1.0380000000e+01 9.3848487704e+01 1.6809931636e+00
1.0384000000e+01 9.4426411506e+01 1.6852875623e+00
1.0389000000e+01 9.5004828207e+01 1.6899418508e+00
1.0393000000e+01 9.5583736969e+01 1.6942257744e+00
1.0397000000e+01 9.6163136956e+01 1.6985042390e+00
1.0401000000e+01 9.6743027338e+01 1.7027771987e+00
1.0405000000e+01 9.7323407285e+01 1.7070446077e+00
1.0409000000e+01 9.7904275974e+01 1.7113064206e+00
1.0413000000e+01 9.8485632583e+01 1.7155625922e+00
1.0417000000e+01 9.9067476295e+01 1.7198130776e+00
1.0421000000e+01 9.9649806295e+01 1.7240578319e+00
1.0424000000e+01 1.0023262177e+02 1.7279290579e+00
1.0428000000e+01 1.0081592192e+02 1.7321619608e+00
1.0431000000e+01 1.0139970594e+02 1.7360207628e+00
1.0434000000e+01 1.0198397301e+02 1.7398731854e+00
1.0438000000e+01 1.0256872236e+02 1.7440878923e+00
1.0441000000e+01 1.0315395318e+02 1.7479276837e+00
1.0444000000e+01 1.0373966469e+02 1.7517609992e+00
1.0447000000e+01 1.0432585609e+02 1.7555878084e+00
1.0450000000e+01 1.0491252660e+02 1.7594080811e+00
1.0453000000e+01 1.0549967544e+02 1.7632217874e+00
1.0456000000e+01 1.0608730183e+02 1.7670288977e+00
1.0458000000e+01 1.0667540499e+02 1.7704592243e+00
1.0461000000e+01 1.0726398416e+02 1.7742528609e+00
1.0463000000e+01 1.0785303857e+02 1.7776692939e+00
1.0466000000e+01 1.0844256745e+02 1.7814493563e+00
1.0468000000e+01 1.0903257003e+02 1.7848518106e+00
1.0471000000e+01 1.0962304557e+02 1.7886182002e+00
1.0473000000e+01 1.1021399329e+02 1.7920065927e+00
1.0475000000e+01 1.1080541246e+02 1.7953878463e+00
1.0477000000e+01 1.1139730231e+02 1.7987619445e+00
1.0480000000e+01 1.1198966210e+02 1.8025005362e+00
1.0482000000e+01 1.1258249109e+02 1.8058604188e+00
1.0484000000e+01 1.1317578853e+02 1.8092130940e+00
1.0486000000e+01 1.1376955369e+02 1.8125585459e+00
1.0487000000e+01 1.1436378583e+02 1.8155245366e+00
1.0489000000e+01 1.1495848422e+02 1.8188553649e+00
1.0491000000e+01 1.1555364813e+02 1.8221789273e+00
1.0493000000e+01 1.1614927682e+02 1.8254952089e+00
1.0494000000e+01 1.1674536958e+02 1.8284314843e+00
1.0496000000e+01 1.1734192569e+02 1.8317330429e+00
1.0497000000e+01 1.1793894443e+02 1.8346543524e+00
1.0499000000e+01 1.1853642507e+02 1.8379411439e+00
1.0500000000e+01 1.1913436691e+02 1.8408474567e+00
1.0502000000e+01 1.1973276924e+02 1.8441194387e+00
1.0503000000e+01 1.2033163135e+02 1.8470107257e+00
1.0504000000e+01 1.2093095253e+02 1.8498944468e+00
1.0505000000e+01 1.2153073208e+02 1.8527705983e+00
1.0506000000e+01 1.2213096931e+02 1.8556391766e+00
1.0507000000e+01 1.2273166351e+02 1.8585001781e+00
1.0509000000e+01 1.2333281399e+02 1.8617273206e+00
1.0510000000e+01 1.2393442007e+02 1.8645732294e+00
1.0510000000e+01 1.2453648104e+02 1.8670376905e+00
1.0511000000e+01 1.2513899623e+02 1.8698683540e+00
1.0512000000e+01 1.2574196495e+02 1.8726914260e+00
1.0513000000e+01 1.2634538652e+02 1.8755069040e+00
1.0514000000e+01 1.2694926026e+02 1.8783147858e+00
1.0514000000e+01 1.2755358549e+02 1.8807409265e+00
1.0515000000e+01 1.2815836155e+02 1.8835335587e+00
1.0516000000e+01 1.2876358775e+02 1.8863185915e+00
1.0516000000e+01 1.2936926344e+02 1.8887217474e+00
1.0517000000e+01 1.2997538794e+02 1.8914915339e+00
1.0517000000e+01 1.3058196060e+02 1.8938793713e+00
1.0518000000e+01 1.3118898074e+02 1.8966339168e+00
1.0518000000e+01 1.3179644772e+02 1.8990064521e+00
1.0519000000e+01 1.3240436087e+02 1.9017457632e+00
1.0519000000e+01 1.3301271954e+02 1.9041030136e+00
1.0519000000e+01 1.3362152308e+02 1.9064526197e+00
1.0519000000e+01 1.3423077084e+02 1.9087945888e+00
1.0520000000e+01 1.3484046218e+02 1.9115034332e+00
1.0520000000e+01 1.3545059644e+02 1.9138301598e+00
1.0520000000e+01 1.3606117299e+02 1.9161492688e+00
1.0520000000e+01 1.3667219119e+02 1.9184607679e+00
1.0520000000e+01 1.3728365040e+02 1.9207646646e+00
1.0520000000e+01 1.3789554998e+02 1.9230609666e+00
1.0520000000e+01 1.3850788930e+02 1.9253496819e+00
1.0520000000e+01 1.3912066773e+02 1.9276308183e+00
1.0520000000e+01 1.3973388465e+02 1.9299043840e+00
1.0520000000e+01 1.4034753942e+02 1.9321703870e+00
1.0520000000e+01 1.4096163142e+02 1.9344288356e+00
1.0519000000e+01 1.4157616003e+02 1.9363052473e+00
1.0519000000e+01 1.4219112464e+02 1.9385486270e+00
1.0519000000e+01 1.4280652462e+02 1.9407844798e+00
1.0519000000e+01 1.4342235935e+02 1.9430128143e+00
1.0518000000e+01 1.4403862823e+02 1.9448592277e+00
1.0518000000e+01 1.4465533065e+02 1.9470725753e+00
1.0517000000e+01 1.4527246599e+02 1.9489040770e+00
1.0517000000e+01 1.4589003365e+02 1.9511024818e+00
1.0517000000e+01 1.4650803303e+02 1.9532934171e+00
1.0516000000e+01 1.4712646351e+02 1.9551026307e+00
1.0516000000e+01 1.4774532451e+02 1.9572786884e+00
1.0515000000e+01 1.4836461543e+02 1.9590731203e+00
1.0514000000e+01 1.4898433566e+02 1.9608602030e+00
1.0514000000e+01 1.4960448462e+02 1.9630140496e+00
1.0513000000e+01 1.5022506171e+02 1.9647864330e+00
1.0513000000e+01 1.5084606634e+02 1.9669255190e+00
1.0512000000e+01 1.5146749792e+02 1.9686832574e+00
1.0511000000e+01 1.5208935587e+02 1.9704337200e+00
1.0510000000e+01 1.5271163961e+02 1.9721769222e+00
1.0510000000e+01 1.5333434855e+02 1.9742866796e+00
1.0509000000e+01 1.5395748211e+02 1.9760153504e+00
1.0508000000e+01 1.5458103972e+02 1.9777368059e+00
1.0507000000e+01 1.5520502080e+02 1.9794510618e+00
1.0506000000e+01 1.5582942477e+02 1.9811581338e+00
1.0505000000e+01 1.5645425107e+02 1.9828580377e+00
1.0504000000e+01 1.5707949911e+02 1.9845507892e+00
1.0504000000e+01 1.5770516834e+02 1.9866097707e+00
1.0503000000e+01 1.5833125819e+02 1.9882881959e+00
1.0502000000e+01 1.5895776810e+02 1.9899595146e+00
1.0501000000e+01 1.5958469749e+02 1.9916237429e+00
1.0500000000e+01 1.6021204582e+02 1.9932808966e+00
1.0498000000e+01 1.6083981252e+02 1.9945579870e+00
1.0497000000e+01 1.6146799703e+02 1.9962011168e+00
1.0496000000e+01 1.6209659880e+02 1.9978372217e+00
1.0495000000e+01 1.6272561728e+02 1.9994663179e+00
1.0494000000e+01 1.6335505192e+02 2.0010884214e+00
1.0493000000e+01 1.6398490216e+02 2.0027035483e+00
1.0492000000e+01 1.6461516745e+02 2.0043117149e+00
1.0490000000e+01 1.6524584726e+02 2.0055405062e+00
1.0489000000e+01 1.6587694104e+02 2.0071348882e+00
1.0488000000e+01 1.6650844825e+02 2.0087223600e+00
1.0487000000e+01 1.6714036834e+02 2.0103029379e+00
1.0485000000e+01 1.6777270077e+02 2.0115045677e+00
1.0484000000e+01 1.6840544501e+02 2.0130714999e+00
1.0483000000e+01 1.6903860053e+02 2.0146315885e+00
1.0481000000e+01 1.6967216679e+02 2.0158130649e+00
1.0480000000e+01 1.7030614326e+02 2.0173596130e+00
1.0478000000e+01 1.7094052940e+02 2.0185277802e+00
1.0477000000e+01 1.7157532469e+02 2.0200608588e+00
1.0476000000e+01 1.7221052861e+02 2.0215871787e+00
1.0474000000e+01 1.7284614062e+02 2.0227354735e+00
1.0473000000e+01 1.7348216021e+02 2.0242484294e+00
1.0471000000e+01 1.7411858685e+02 2.0253836043e+00
1.0470000000e+01 1.7475542003e+02 2.0268832674e+00
1.0468000000e+01 1.7539265922e+02 2.0280053987e+00
1.0467000000e+01 1.7603030390e+02 2.0294918403e+00
1.0465000000e+01 1.7666835357e+02 2.0306010041e+00
1.0464000000e+01 1.7730680771e+02 2.0320742955e+00
1.0462000000e+01 1.7794566580e+02 2.0331705679e+00
1.0460000000e+01 1.7858492734e+02 2.0342604797e+00
1.0459000000e+01 1.7922459183e+02 2.0357142373e+00
1.0457000000e+01 1.7986465874e+02 2.0367913728e+00
1.0455000000e+01 1.8050512757e+02 2.0378622070e+00
1.0454000000e+01 1.8114599783e+02 2.0392965948e+00
1.0452000000e+01 1.8178726901e+02 2.0403547675e+00
1.0450000000e+01 1.8242894061e+02 2.0414066977e+00
1.0449000000e+01 1.8307101213e+02 2.0428218797e+00
1.0447000000e+01 1.8371348308e+02 2.0438612632e+00
1.0445000000e+01 1.8435635294e+02 2.0448944630e+00
1.0443000000e+01 1.8499962124e+02 2.0459214990e+00
1.0442000000e+01 1.8564328748e+02 2.0473113702e+00
1.0440000000e+01 1.8628735117e+02 2.0483260126e+00
1.0438000000e+01 1.8693181182e+02 2.0493345498e+00
1.0436000000e+01 1.8757666893e+02 2.0503370016e+00
1.0434000000e+01 1.8822192203e+02 2.0513333877e+00
1.0433000000e+01 1.8886757062e+02 2.0526920661e+00
1.0431000000e+01 1.8951361423e+02 2.0536762496e+00
1.0429000000e+01 1.9016005237e+02 2.0546544257e+00
1.0427000000e+01 1.9080688455e+02 2.0556266140e+00
1.0425000000e+01 1.9145411031e+02 2.0565928342e+00
1.0423000000e+01 1.9210172916e+02 2.0575531058e+00
1.0421000000e+01 1.9274974063e+02 2.0585074484e+00
1.0419000000e+01 1.9339814423e+02 2.0594558816e+00
1.0417000000e+01 1.9404693950e+02 2.0603984249e+00
1.0415000000e+01 1.9469612597e+02 2.0613350977e+00
1.0413000000e+01 1.9534570316e+02 2.0622659196e+00
1.0411000000e+01 1.9599567060e+02 2.0631909099e+00
1.0409000000e+01 1.9664602783e+02 2.0641100880e+00
1.0407000000e+01 1.9729677438e+02 2.0650234733e+00
1.0405000000e+01 1.9794790978e+02 2.0659310851e+00
1.0403000000e+01 1.9859943357e+02 2.0668329428e+00
1.0401000000e+01 1.9925134529e+02 2.0677290655e+00
1.0399000000e+01 1.9990364447e+02 2.0686194725e+00
1.0397000000e+01 2.0055633067e+02 2.0695041831e+00
1.0395000000e+01 2.0120940341e+02 2.0703832164e+00
1.0393000000e+01 2.0186286224e+02 2.0712565915e+00
1.0391000000e+01 2.0251670670e+02 2.0721243275e+00
1.0389000000e+01 2.0317093635e+02 2.0729864436e+00
1.0387000000e+01 2.0382555072e+02 2.0738429587e+00
1.0385000000e+01 2.0448054938e+02 2.0746938918e+00
1.0383000000e+01 2.0513593185e+02 2.0755392620e+00
1.0381000000e+01 2.0579169771e+02 2.0763790881e+00
1.0378000000e+01 2.0644784649e+02 2.0768488651e+00
1.0376000000e+01 2.0710437776e+02 2.0776778118e+00
1.0374000000e+01 2.0776129106e+02 2.0785012717e+00
1.0372000000e+01 2.0841858596e+02 2.0793192637e+00
1.0370000000e+01 2.0907626200e+02 2.0801318064e+00
1.0368000000e+01 2.0973431876e+02 2.0809389187e+00
1.0365000000e+01 2.1039275579e+02 2.0813770108e+00
1.0363000000e+01 2.1105157265e+02 2.0821734740e+00
1.0361000000e+01 2.1171076890e+02 2.0829645634e+00
1.0359000000e+01 2.1237034411e+02 2.0837502975e+00
1.0357000000e+01 2.1303029785e+02 2.0845306947e+00
1.0354000000e+01 2.1369062967e+02 2.0849429444e+00
1.0352000000e+01 2.1435133914e+02 2.0857128826e+00
1.0350000000e+01 2.1501242585e+02 2.0864775400e+00
1.0348000000e+01 2.1567388935e+02 2.0872369349e+00
1.0345000000e+01 2.1633572921e+02 2.0876288890e+00
1.0343000000e+01 2.1699794501e+02 2.0883779755e+00
1.0341000000e+01 2.1766053633e+02 2.0891218550e+00
1.0338000000e+01 2.1832350273e+02 2.0894988274e+00
1.0336000000e+01 2.1898684380e+02 2.0902325108e+00
1.0334000000e+01 2.1965055910e+02 2.0909610424e+00
1.0331000000e+01 2.2031464823e+02 2.0913232047e+00
1.0329000000e+01 2.2097911075e+02 2.0920416516e+00
1.0327000000e+01 2.2164394626e+02 2.0927550015e+00
1.0325000000e+01 2.2230915432e+02 2.0934632723e+00
1.0322000000e+01 2.2297473453e+02 2.0938059000e+00
1.0320000000e+01 2.2364068647e+02 2.0945042332e+00
1.0317000000e+01 2.2430700972e+02 2.0948372851e+00
1.0315000000e+01 2.2497370387e+02 2.0955257541e+00
1.0313000000e+01 2.2564076851e+02 2.0962092344e+00
1.0310000000e+01 2.2630820323e+02 2.0965279832e+00
1.0308000000e+01 2.2697600762e+02 2.0972017083e+00
1.0306000000e+01 2.2764418127e+02 2.0978704983e+00
1.0303000000e+01 2.2831272376e+02 2.0981751101e+00
1.0301000000e+01 2.2898163471e+02 2.0988342531e+00
1.0298000000e+01 2.2965091369e+02 2.0991295860e+00
1.0296000000e+01 2.3032056030e+02 2.0997791540e+00
1.0294000000e+01 2.3099057415e+02 2.1004238753e+00
1.0291000000e+01 2.3166095483e+02 2.1007053456e+00
1.0289000000e+01 2.3233170193e+02 2.1013405986e+00
1.0286000000e+01 2.3300281507e+02 2.1016129720e+00
1.0284000000e+01 2.3367429383e+02 2.1022388278e+00
1.0281000000e+01 2.3434613783e+02 2.1025021766e+00
1.0279000000e+01 2.3501834666e+02 2.1031187055e+00
1.0277000000e+01 2.3569091993e+02 2.1037305101e+00
1.0274000000e+01 2.3636385724e+02 2.1039803739e+00
1.0272000000e+01 2.3703715821e+02 2.1045829565e+00
1.0269000000e+01 2.3771082244e+02 2.1048239741e+00
1.0267000000e+01 2.3838484953e+02 2.1054174042e+00
1.0264000000e+01 2.3905923911e+02 2.1056496464e+00
1.0262000000e+01 2.3973399077e+02 2.1062339933e+00
1.0259000000e+01 2.4040910413e+02 2.1064575303e+00
1.0257000000e+01 2.4108457880e+02 2.1070328629e+00
1.0254000000e+01 2.4176041440e+02 2.1072477646e+00
1.0252000000e+01 2.4243661055e+02 2.1078141512e+00
1.0249000000e+01 2.4311316685e+02 2.1080204870e+00
1.0247000000e+01 2.4379008293e+02 2.1085779957e+00
1.0244000000e+01 2.4446735839e+02 2.1087758347e+00
1.0242000000e+01 2.4514499287e+02 2.1093245330e+00
1.0239000000e+01 2.4582298599e+02 2.1095139437e+00
1.0237000000e+01 2.4650133735e+02 2.1100538989e+00
1.0234000000e+01 2.4718004659e+02 2.1102349494e+00
1.0232000000e+01 2.4785911333e+02 2.1107662284e+00
1.0229000000e+01 2.4853853719e+02 2.1109389865e+00
1.0227000000e+01 2.4921831780e+02 2.1114616556e+00
1.0224000000e+01 2.4989845477e+02 2.1116261886e+00
1.0222000000e+01 2.5057894775e+02 2.1121403139e+00
1.0219000000e+01 2.5125979636e+02 2.1122966885e+00
1.0217000000e+01 2.5194100022e+02 2.1128023357e+00
1.0214000000e+01 2.5262255897e+02 2.1129506184e+00
1.0211000000e+01 2.5330447223e+02 2.1130949656e+00
1.0209000000e+01 2.5398673965e+02 2.1135881095e+00
1.0206000000e+01 2.5466936084e+02 2.1137244637e+00
1.0204000000e+01 2.5535233546e+02 2.1142092922e+00
1.0201000000e+01 2.5603566312e+02 2.1143377189e+00
1.0199000000e+01 2.5671934346e+02 2.1148142960e+00
1.0196000000e+01 2.5740337613e+02 2.1149348600e+00
1.0193000000e+01 2.5808776076e+02 2.1150516031e+00
1.0191000000e+01 2.5877249698e+02 2.1155160156e+00
1.0188000000e+01 2.5945758444e+02 2.1156249927e+00
1.0186000000e+01 2.6014302278e+02 2.1160813131e+00
1.0183000000e+01 2.6082881164e+02 2.1161825881e+00
1.0181000000e+01 2.6151495066e+02 2.1166308793e+00
1.0178000000e+01 2.6220143948e+02 2.1167245156e+00
1.0175000000e+01 2.6288827775e+02 2.1168144428e+00
1.0173000000e+01 2.6357546511e+02 2.1172509005e+00
1.0170000000e+01 2.6426300120e+02 2.1173332835e+00
1.0168000000e+01 2.6495088569e+02 2.1177618675e+00
1.0165000000e+01 2.6563911820e+02 2.1178367686e+00
1.0162000000e+01 2.6632769839e+02 2.1179080390e+00
1.0160000000e+01 2.6701662592e+02 2.1183250216e+00
1.0157000000e+01 2.6770590042e+02 2.1183889029e+00
1.0154000000e+01 2.6839552155e+02 2.1184491998e+00
1.0152000000e+01 2.6908548897e+02 2.1188547185e+00
1.0149000000e+01 2.6977580232e+02 2.1189077183e+00
1.0147000000e+01 2.7046646126e+02 2.1193056073e+00
1.0144000000e+01 2.7115746544e+02 2.1193513705e+00
1.0141000000e+01 2.7184881452e+02 2.1193936254e+00
1.0139000000e+01 2.7254050816e+02 2.1197802767e+00
1.0136000000e+01 2.7323254601e+02 2.1198153854e+00
1.0134000000e+01 2.7392492772e+02 2.1201945561e+00
1.0131000000e+01 2.7461765297e+02 2.1202225781e+00
1.0128000000e+01 2.7531072141e+02 2.1202471667e+00
1.0126000000e+01 2.7600413269e+02 2.1206153219e+00
1.0123000000e+01 2.7669788648e+02 2.1206329125e+00
1.0120000000e+01 2.7739198245e+02 2.1206471138e+00
1.0118000000e+01 2.7808642025e+02 2.1210043852e+00
1.0115000000e+01 2.7878119955e+02 2.1210116764e+00
1.0112000000e+01 2.7947632001e+02 2.1210156220e+00
1.0110000000e+01 2.8017178130e+02 2.1213621399e+00
1.0107000000e+01 2.8086758309e+02 2.1213592622e+00
1.0104000000e+01 2.8156372504e+02 2.1213530822e+00
1.0102000000e+01 2.8226020682e+02 2.1216889757e+00
1.0099000000e+01 2.8295702810e+02 2.1216760583e+00
1.0097000000e+01 2.8365418854e+02 2.1220048760e+00
1.0094000000e+01 2.8435168783e+02 2.1219852780e+00
1.0091000000e+01 2.8504952562e+02 2.1219624486e+00
1.0089000000e+01 2.8574770160e+02 2.1222808539e+00
1.0086000000e+01 2.8644621543e+02 2.1222514282e+00
1.0083000000e+01 2.8714506679e+02 2.1222188133e+00
1.0081000000e+01 2.8784425535e+02 2.1225269316e+00
1.0078000000e+01 2.8854378079e+02 2.1224878038e+00
1.0075000000e+01 2.8924364279e+02 2.1224455281e+00
1.0073000000e+01 2.8994384101e+02 2.1227434837e+00
1.0070000000e+01 2.9064437514e+02 2.1226947777e+00
1.0067000000e+01 2.9134524485e+02 2.1226429651e+00
1.0065000000e+01 2.9204644983e+02 2.1229308807e+00
1.0062000000e+01 2.9274798975e+02 2.1228727193e+00
1.0059000000e+01 2.9344986430e+02 2.1228114919e+00
1.0057000000e+01 2.9415207315e+02 2.1230894891e+00
1.0054000000e+01 2.9485461599e+02 2.1230219937e+00
1.0051000000e+01 2.9555749250e+02 2.1229514723e+00
1.0049000000e+01 2.9626070237e+02 2.1232196716e+00
1.0046000000e+01 2.9696424527e+02 2.1231429620e+00
1.0043000000e+01 2.9766812089e+02 2.1230632662e+00
1.0041000000e+01 2.9837232893e+02 2.1233217865e+00
1.0038000000e+01 2.9907686906e+02 2.1232359814e+00
1.0035000000e+01 2.9978174097e+02 2.1231472293e+00
1.0033000000e+01 3.0048694436e+02 2.1233961884e+00
1.0030000000e+01 3.0119247890e+02 2.1233014052e+00
1.0027000000e+01 3.0189834429e+02 2.1232037137e+00
1.0025000000e+01 3.0260454022e+02 2.1234432280e+00
1.0022000000e+01 3.0331106638e+02 2.1233395826e+00
1.0019000000e+01 3.0401792246e+02 2.1232330672e+00
1.0017000000e+01 3.0472510815e+02 2.1234632521e+00
1.0014000000e+01 3.0543262315e+02 2.1233508591e+00
1.0011000000e+01 3.0614046715e+02 2.1232356341e+00
1.0009000000e+01 3.0684863985e+02 2.1234566035e+00
1.0006000000e+01 3.0755714094e+02 2.1233355763e+00
1.0003000000e+01 3.0826597011e+02 2.1232117546e+00
1.0001000000e+01 3.0897512706e+02 2.1234236212e+00
9.9980000000e+00 3.0968461150e+02 2.1232940720e+00
9.9950000000e+00 3.1039442311e+02 2.1231617651e+00
9.9930000000e+00 3.1110456159e+02 2.1233646406e+00
9.9900000000e+00 3.1181502666e+02 2.1232266800e+00
9.9870000000e+00 3.1252581800e+02 2.1230859984e+00
9.9850000000e+00 3.1323693531e+02 2.1232799930e+00
9.9820000000e+00 3.1394837830e+02 2.1231337306e+00
9.9790000000e+00 3.1466014668e+02 2.1229847834e+00
9.9770000000e+00 3.1537224013e+02 2.1231700061e+00
9.9740000000e+00 3.1608465837e+02 2.1230155502e+00
9.9710000000e+00 3.1679740110e+02 2.1228584452e+00
9.9690000000e+00 3.1751046803e+02 2.1230350041e+00
9.9660000000e+00 3.1822385886e+02 2.1228724616e+00
9.9630000000e+00 3.1893757329e+02 2.1227073053e+00
9.9610000000e+00 3.1965161104e+02 2.1228753070e+00
9.9580000000e+00 3.2036597181e+02 2.1227047837e+00
9.9550000000e+00 3.2108065531e+02 2.1225316815e+00
9.9520000000e+00 3.2179566124e+02 2.1223560118e+00
9.9500000000e+00 3.2251098933e+02 2.1225128321e+00
9.9470000000e+00 3.2322663927e+02 2.1223318881e+00
9.9440000000e+00 3.2394261078e+02 2.1221484110e+00
9.9420000000e+00 3.2465890357e+02 2.1222969184e+00
9.9390000000e+00 3.2537551735e+02 2.1221082355e+00
9.9360000000e+00 3.2609245183e+02 2.1219170535e+00
9.9340000000e+00 3.2680970673e+02 2.1220573510e+00
9.9310000000e+00 3.2752728177e+02 2.1218610309e+00
9.9280000000e+00 3.2824517665e+02 2.1216622451e+00
9.9260000000e+00 3.2896339109e+02 2.1217944343e+00
9.9230000000e+00 3.2968192481e+02 2.1215905775e+00
9.9200000000e+00 3.3040077752e+02 2.1213842882e+00
9.9180000000e+00 3.3111994895e+02 2.1215084695e+00
9.9150000000e+00 3.3183943880e+02 2.1212971754e+00
9.9120000000e+00 3.3255924680e+02 2.1210834814e+00
9.9100000000e+00 3.3327937267e+02 2.1211997543e+00
9.9070000000e+00 3.3399981612e+02 2.1209811209e+00
9.9040000000e+00 3.3472057688e+02 2.1207601201e+00
9.9020000000e+00 3.3544165466e+02 2.1208685827e+00
9.8990000000e+00 3.3616304920e+02 2.1206427071e+00
9.8960000000e+00 3.3688476020e+02 2.1204144959e+00
9.8940000000e+00 3.3760678740e+02 2.1205152455e+00
9.8910000000e+00 3.3832913052e+02 2.1202822235e+00
9.8880000000e+00 3.3905178927e+02 2.1200468975e+00
9.8860000000e+00 3.3977476339e+02 2.1201400300e+00
9.8830000000e+00 3.4049805260e+02 2.1198999562e+00
9.8810000000e+00 3.4122165663e+02 2.1199880000e+00
9.8780000000e+00 3.4194557520e+02 2.1197432201e+00
9.8750000000e+00 3.4266980804e+02 2.1194961882e+00
9.8730000000e+00 3.4339435487e+02 2.1195767726e+00
9.8700000000e+00 3.4411921543e+02 2.1193250965e+00
9.8670000000e+00 3.4484438944e+02 2.1190711988e+00
9.8650000000e+00 3.4556987663e+02 2.1191444170e+00
9.8620000000e+00 3.4629567674e+02 2.1188859363e+00
9.8590000000e+00 3.4702178949e+02 2.1186252642e+00
9.8570000000e+00 3.4774821461e+02 2.1186912083e+00
9.8540000000e+00 3.4847495184e+02 2.1184260136e+00
9.8510000000e+00 3.4920200091e+02 2.1181586573e+00
9.8490000000e+00 3.4992936155e+02 2.1182174184e+00
9.8460000000e+00 3.5065703349e+02 2.1179455991e+00
9.8430000000e+00 3.5138501646e+02 2.1176716478e+00
9.8410000000e+00 3.5211331021e+02 2.1177233157e+00
9.8380000000e+00 3.5284191447e+02 2.1174449605e+00
9.8350000000e+00 3.5357082897e+02 2.1171645022e+00
9.8330000000e+00 3.5430005345e+02 2.1172091659e+00
9.8300000000e+00 3.5502958764e+02 2.1169243619e+00
9.8280000000e+00 3.5575943128e+02 2.1169643422e+00
9.8250000000e+00 3.5648958412e+02 2.1166752311e+00
9.8220000000e+00 3.5722004588e+02 2.1163840647e+00
9.8200000000e+00 3.5795081632e+02 2.1164171868e+00
9.8170000000e+00 3.5868189515e+02 2.1161217704e+00
9.8140000000e+00 3.5941328214e+02 2.1158243269e+00
9.8120000000e+00 3.6014497701e+02 2.1158506770e+00
9.8090000000e+00 3.6087697952e+02 2.1155490399e+00
9.8060000000e+00 3.6160928939e+02 2.1152454035e+00
9.8040000000e+00 3.6234190638e+02 2.1152650668e+00
9.8010000000e+00 3.6307483022e+02 2.1149572925e+00
9.7990000000e+00 3.6380806066e+02 2.1149724823e+00
9.7960000000e+00 3.6454159744e+02 2.1146606070e+00
9.7930000000e+00 3.6527544031e+02 2.1143467781e+00
9.7910000000e+00 3.6600958901e+02 2.1143554210e+00
9.7880000000e+00 3.6674404328e+02 2.1140375457e+00
9.7850000000e+00 3.6747880288e+02 2.1137177436e+00
9.7830000000e+00 3.6821386755e+02 2.1137199222e+00
9.7800000000e+00 3.6894923704e+02 2.1133961277e+00
9.7780000000e+00 3.6968491109e+02 2.1133939801e+00
9.7750000000e+00 3.7042088945e+02 2.1130662288e+00
9.7720000000e+00 3.7115717188e+02 2.1127365949e+00
9.7700000000e+00 3.7189375811e+02 2.1127281186e+00
9.7670000000e+00 3.7263064790e+02 2.1123945808e+00
9.7650000000e+00 3.7336784100e+02 2.1123818680e+00
9.7620000000e+00 3.7410533716e+02 2.1120444614e+00
9.7590000000e+00 3.7484313613e+02 2.1117052153e+00
9.7570000000e+00 3.7558123767e+02 2.1116863068e+00
9.7540000000e+00 3.7631964152e+02 2.1113432437e+00
9.7520000000e+00 3.7705834743e+02 2.1113201866e+00
9.7490000000e+00 3.7779735517e+02 2.1109733407e+00
9.7460000000e+00 3.7853666448e+02 2.1106246977e+00
9.7440000000e+00 3.7927627512e+02 2.1105955752e+00
9.7410000000e+00 3.8001618685e+02 2.1102432002e+00
9.7390000000e+00 3.8075639941e+02 2.1102100156e+00
9.7360000000e+00 3.8149691256e+02 2.1098539420e+00
9.7330000000e+00 3.8223772607e+02 2.1094961128e+00
9.7310000000e+00 3.8297883968e+02 2.1094569907e+00
9.7280000000e+00 3.8372025316e+02 2.1090955127e+00
9.7260000000e+00 3.8446196626e+02 2.1090524130e+00
9.7230000000e+00 3.8520397873e+02 2.1086873192e+00
9.7200000000e+00 3.8594629035e+02 2.1083205104e+00
9.7180000000e+00 3.8668890086e+02 2.1082715984e+00
9.7150000000e+00 3.8743181004e+02 2.1079012224e+00
9.7130000000e+00 3.8817501762e+02 2.1078484158e+00
9.7100000000e+00 3.8891852339e+02 2.1074745049e+00
9.7070000000e+00 3.8966232709e+02 2.1070989186e+00
9.7050000000e+00 3.9040642850e+02 2.1070404226e+00
9.7020000000e+00 3.9115082736e+02 2.1066613491e+00
9.7000000000e+00 3.9189552345e+02 2.1065990399e+00
9.6970000000e+00 3.9264051653e+02 2.1062165108e+00
9.6950000000e+00 3.9338580636e+02 2.1061504204e+00
9.6920000000e+00 3.9413139271e+02 2.1057644670e+00
9.6890000000e+00 3.9487727533e+02 2.1053768925e+00
9.6870000000e+00 3.9562345400e+02 2.1053052807e+00
9.6840000000e+00 3.9636992847e+02 2.1049143283e+00
9.6820000000e+00 3.9711669852e+02 2.1048390145e+00
9.6790000000e+00 3.9786376392e+02 2.1044447148e+00
9.6770000000e+00 3.9861112442e+02 2.1043657303e+00
9.6740000000e+00 3.9935877979e+02 2.1039681137e+00
9.6720000000e+00 4.0010672981e+02 2.1038854895e+00
9.6690000000e+00 4.0085497424e+02 2.1034845862e+00
9.6660000000e+00 4.0160351285e+02 2.1030821294e+00
9.6640000000e+00 4.0235234540e+02 2.1029941931e+00
9.6610000000e+00 4.0310147168e+02 2.1025884942e+00
9.6590000000e+00 4.0385089144e+02 2.1024969946e+00
9.6560000000e+00 4.0460060446e+02 2.1020880832e+00
9.6540000000e+00 4.0535061050e+02 2.1019930504e+00
9.6510000000e+00 4.0610090935e+02 2.1015809559e+00
9.6490000000e+00 4.0685150077e+02 2.1014824199e+00
9.6460000000e+00 4.0760238453e+02 2.1010671712e+00
9.6430000000e+00 4.0835356040e+02 2.1006504340e+00
9.6410000000e+00 4.0910502817e+02 2.1005467878e+00
9.6380000000e+00 4.0985678760e+02 2.1001269394e+00
9.6360000000e+00 4.1060883846e+02 2.1000198636e+00
9.6330000000e+00 4.1136118054e+02 2.0995969325e+00
9.6310000000e+00 4.1211381360e+02 2.0994864563e+00
9.6280000000e+00 4.1286673742e+02 2.0990604708e+00
9.6260000000e+00 4.1361995177e+02 2.0989466230e+00
9.6230000000e+00 4.1437345644e+02 2.0985176111e+00
9.6210000000e+00 4.1512725120e+02 2.0984004204e+00
9.6180000000e+00 4.1588133582e+02 2.0979684099e+00
9.6160000000e+00 4.1663571008e+02 2.0978479046e+00
9.6130000000e+00 4.1739037377e+02 2.0974129230e+00
9.6110000000e+00 4.1814532665e+02 2.0972891315e+00
9.6080000000e+00 4.1890056851e+02 2.0968512061e+00
9.6060000000e+00 4.1965609913e+02 2.0967241563e+00
9.6030000000e+00 4.2041191828e+02 2.0962833142e+00
9.6010000000e+00 4.2116802575e+02 2.0961530338e+00
9.5980000000e+00 4.2192442132e+02 2.0957093019e+00
9.5960000000e+00 4.2268110476e+02 2.0955758185e+00
9.5930000000e+00 4.2343807586e+02 2.0951292234e+00
9.5910000000e+00 4.2419533439e+02 2.0949925643e+00
9.5880000000e+00 4.2495288015e+02 2.0945431324e+00
9.5860000000e+00 4.2571071292e+02 2.0944033247e+00
9.5830000000e+00 4.2646883246e+02 2.0939510822e+00
9.5810000000e+00 4.2722723858e+02 2.0938081527e+00
9.5780000000e+00 4.2798593105e+02 2.0933531257e+00
9.5760000000e+00 4.2874490966e+02 2.0932071011e+00
9.5730000000e+00 4.2950417419e+02 2.0927493152e+00
9.5710000000e+00 4.3026372443e+02 2.0926002220e+00
9.5680000000e+00 4.3102356016e+02 2.0921397028e+00
9.5660000000e+00 4.3178368116e+02 2.0919875672e+00
9.5630000000e+00 4.3254408723e+02 2.0915243400e+00
9.5610000000e+00 4.3330477815e+02 2.0913691881e+00
9.5580000000e+00 4.3406575371e+02 2.0909032780e+00
9.5560000000e+00 4.3482701368e+02 2.0907451355e+00
9.5530000000e+00 4.3558855787e+02 2.0902765675e+00
9.5510000000e+00 4.3635038606e+02 2.0901154601e+00
9.5480000000e+00 4.3711249804e+02 2.0896442588e+00
9.5460000000e+00 4.3787489359e+02 2.0894802118e+00
9.5430000000e+00 4.3863757251e+02 2.0890064017e+00
9.5410000000e+00 4.3940053459e+02 2.0888394405e+00
9.5380000000e+00 4.4016377961e+02 2.0883630459e+00
9.5360000000e+00 4.4092730736e+02 2.0881931953e+00
9.5330000000e+00 4.4169111765e+02 2.0877142402e+00
9.5310000000e+00 4.4245521025e+02 2.0875415251e+00
9.5290000000e+00 4.4321958496e+02 2.0873673021e+00
9.5260000000e+00 4.4398424157e+02 2.0868844785e+00
9.5240000000e+00 4.4474917987e+02 2.0867074280e+00
9.5210000000e+00 4.4551439966e+02 2.0862221034e+00
9.5190000000e+00 4.4627990073e+02 2.0860422497e+00
9.5160000000e+00 4.4704568287e+02 2.0855544476e+00
9.5140000000e+00 4.4781174588e+02 2.0853718147e+00
9.5110000000e+00 4.4857808955e+02 2.0848815583e+00
9.5090000000e+00 4.4934471367e+02 2.0846961702e+00
9.5060000000e+00 4.5011161804e+02 2.0842034824e+00
9.5040000000e+00 4.5087880246e+02 2.0840153629e+00
9.5020000000e+00 4.5164626672e+02 2.0838258027e+00
9.4990000000e+00 4.5241401062e+02 2.0833294390e+00
9.4970000000e+00 4.5318203395e+02 2.0831371828e+00
9.4940000000e+00 4.5395033652e+02 2.0826384445e+00
9.4920000000e+00 4.5471891811e+02 2.0824435154e+00
9.4890000000e+00 4.5548777852e+02 2.0819424249e+00
9.4870000000e+00 4.5625691756e+02 2.0817448460e+00
9.4850000000e+00 4.5702633502e+02 2.0815458679e+00
9.4820000000e+00 4.5779603070e+02 2.0810412196e+00
9.4800000000e+00 4.5856600440e+02 2.0808396261e+00
9.4770000000e+00 4.5933625591e+02 2.0803326808e+00
9.4750000000e+00 4.6010678505e+02 2.0801284945e+00
9.4720000000e+00 4.6087759160e+02 2.0796192738e+00
9.4700000000e+00 4.6164867537e+02 2.0794125171e+00
9.4680000000e+00 4.6242003616e+02 2.0792044013e+00
9.4650000000e+00 4.6319167378e+02 2.0786917376e+00
9.4630000000e+00 4.6396358801e+02 2.0784810849e+00
9.4600000000e+00 4.6473577867e+02 2.0779661994e+00
9.4580000000e+00 4.6550824556e+02 2.0777530318e+00
9.4560000000e+00 4.6628098847e+02 2.0775385330e+00
9.4530000000e+00 4.6705400722e+02 2.0770202846e+00
9.4510000000e+00 4.6782730160e+02 2.0768033037e+00
9.4480000000e+00 4.6860087142e+02 2.0762828859e+00
9.4460000000e+00 4.6937471648e+02 2.0760634444e+00
9.4440000000e+00 4.7014883659e+02 2.0758426992e+00
9.4410000000e+00 4.7092323155e+02 2.0753189968e+00
9.4390000000e+00 4.7169790117e+02 2.0750958232e+00
9.4360000000e+00 4.7247284525e+02 2.0745700027e+00
9.4340000000e+00 4.7324806360e+02 2.0743444217e+00
9.4320000000e+00 4.7402355602e+02 2.0741175640e+00
9.4290000000e+00 4.7479932232e+02 2.0735885357e+00
9.4270000000e+00 4.7557536232e+02 2.0733593021e+00
9.4250000000e+00 4.7635167580e+02 2.0731288078e+00
9.4220000000e+00 4.7712826259e+02 2.0725966170e+00
9.4200000000e+00 4.7790512248e+02 2.0723637779e+00
9.4170000000e+00 4.7868225530e+02 2.0718295491e+00
9.4150000000e+00 4.7945966084e+02 2.0715943856e+00
9.4130000000e+00 4.8023733891e+02 2.0713579875e+00
9.4100000000e+00 4.8101528933e+02 2.0708206704e+00
9.4080000000e+00 4.8179351190e+02 2.0705819784e+00
9.4060000000e+00 4.8257200644e+02 2.0703420672e+00
9.4030000000e+00 4.8335077275e+02 2.0698017058e+00
9.4010000000e+00 4.8412981064e+02 2.0695595308e+00
9.3990000000e+00 4.8490911992e+02 2.0693161521e+00
9.3960000000e+00 4.8568870042e+02 2.0687727896e+00
9.3940000000e+00 4.8646855193e+02 2.0685271768e+00
9.3910000000e+00 4.8724867427e+02 2.0679818818e+00
9.3890000000e+00 4.8802906724e+02 2.0677340544e+00
9.3870000000e+00 4.8880973068e+02 2.0674850482e+00
9.3840000000e+00 4.8959066438e+02 2.0669368230e+00
9.3820000000e+00 4.9037186815e+02 2.0666856315e+00
9.3800000000e+00 4.9115334182e+02 2.0664332758e+00
9.3770000000e+00 4.9193508520e+02 2.0658821622e+00
9.3750000000e+00 4.9271709810e+02 2.0656276500e+00
9.3730000000e+00 4.9349938033e+02 2.0653719884e+00
9.3700000000e+00 4.9428193171e+02 2.0648180278e+00
9.3680000000e+00 4.9506475205e+02 2.0645602381e+00
9.3660000000e+00 4.9584784118e+02 2.0643013133e+00
9.3630000000e+00 4.9663119890e+02 2.0637445466e+00
9.3610000000e+00 4.9741482503e+02 2.0634835219e+00
9.3590000000e+00 4.9819871939e+02 2.0632213764e+00
9.3560000000e+00 4.9898288179e+02 2.0626618438e+00
9.3540000000e+00 4.9976731205e+02 2.0623976261e+00
9.3520000000e+00 5.0055200999e+02 2.0621323018e+00
9.3490000000e+00 5.0133697543e+02 2.0615700432e+00
9.3470000000e+00 5.0212220818e+02 2.0613026741e+00
9.3450000000e+00 5.0290770806e+02 2.0610342123e+00
9.3430000000e+00 5.0369347489e+02 2.0607646624e+00
9.3400000000e+00 5.0447950849e+02 2.0601987875e+00
9.3380000000e+00 5.0526580868e+02 2.0599272290e+00
9.3360000000e+00 5.0605237527e+02 2.0596545963e+00
9.3330000000e+00 5.0683920809e+02 2.0590860865e+00
9.3310000000e+00 5.0762630696e+02 2.0588114718e+00
9.3290000000e+00 5.0841367170e+02 2.0585357964e+00
9.3260000000e+00 5.0920130212e+02 2.0579646899e+00
9.3240000000e+00 5.0998919805e+02 2.0576870589e+00
9.3220000000e+00 5.1077735931e+02 2.0574083805e+00
9.3200000000e+00 5.1156578572e+02 2.0571286593e+00
9.3170000000e+00 5.1235447710e+02 2.0565541070e+00
9.3150000000e+00 5.1314343328e+02 2.0562724649e+00
9.3130000000e+00 5.1393265408e+02 2.0559897931e+00
9.3100000000e+00 5.1472213931e+02 2.0554127315e+00
9.3080000000e+00 5.1551188881e+02 2.0551281645e+00
9.3060000000e+00 5.1630190239e+02 2.0548425808e+00
9.3040000000e+00 5.1709217989e+02 2.0545559848e+00
